UNITS=MM
#Layer_Color=9474304
#
#Feature symbol names
#
$0 r127

#
#Feature attribute names
#

#
#Layer features
#
L 3.3985581 -5.00000016 6.59855678 -5.00000016 0 P 0
L 3.3985581 -85.00000018 6.59855678 -85.00000018 0 P 0
L 4.19855904 -11.00000086 5.79855584 -11.00000086 0 P 0
L 4.19855904 -16.00000102 5.79855584 -16.00000102 0 P 0
L 4.19855904 -21.00000118 5.79855584 -21.00000118 0 P 0
L 4.19855904 -30.00000096 5.79855584 -30.00000096 0 P 0
L 4.19855904 -35.00000112 5.79855584 -35.00000112 0 P 0
L 4.19855904 -40.00000128 5.79855584 -40.00000128 0 P 0
L 4.19855904 -49.99999906 5.79855584 -49.99999906 0 P 0
L 4.19855904 -54.99999922 5.79855584 -54.99999922 0 P 0
L 4.19855904 -59.99999938 5.79855584 -59.99999938 0 P 0
L 4.19855904 -68.99999916 5.79855584 -68.99999916 0 P 0
L 4.19855904 -73.99999932 5.79855584 -73.99999932 0 P 0
L 4.19855904 -78.99999948 5.79855584 -78.99999948 0 P 0
L 4.99855744 -6.5999995 4.99855744 -3.40000082 0 P 0
L 4.99855744 -11.79999926 4.99855744 -10.20000246 0 P 0
L 4.99855744 -16.79999942 4.99855744 -15.20000262 0 P 0
L 4.99855744 -21.79999958 4.99855744 -20.20000278 0 P 0
L 4.99855744 -30.79999936 4.99855744 -29.20000256 0 P 0
L 4.99855744 -35.79999952 4.99855744 -34.20000272 0 P 0
L 4.99855744 -40.79999968 4.99855744 -39.20000288 0 P 0
L 4.99855744 -50.79999746 4.99855744 -49.20000066 0 P 0
L 4.99855744 -55.79999762 4.99855744 -54.20000082 0 P 0
L 4.99855744 -60.79999778 4.99855744 -59.20000098 0 P 0
L 4.99855744 -69.79999756 4.99855744 -68.20000076 0 P 0
L 4.99855744 -74.79999772 4.99855744 -73.20000092 0 P 0
L 4.99855744 -79.79999788 4.99855744 -78.20000108 0 P 0
L 4.99855744 -86.59999952 4.99855744 -83.40000084 0 P 0
L 9.85000062 -2.50000008 10.15000002 -2.50000008 0 P 0
L 10.00000032 -2.64999978 10.00000032 -2.35000038 0 P 0
L 12.3500007 -12.5000004 12.6500001 -12.5000004 0 P 0
L 12.3500007 -17.50000056 12.6500001 -17.50000056 0 P 0
L 12.3500007 -25.0000008 12.6500001 -25.0000008 0 P 0
L 12.3500007 -32.50000104 12.6500001 -32.50000104 0 P 0
L 12.3500007 -37.5000012 12.6500001 -37.5000012 0 P 0
L 12.3500007 -47.49999898 12.6500001 -47.49999898 0 P 0
L 12.3500007 -52.49999914 12.6500001 -52.49999914 0 P 0
L 12.3500007 -57.4999993 12.6500001 -57.4999993 0 P 0
L 12.3500007 -64.99999954 12.6500001 -64.99999954 0 P 0
L 12.3500007 -72.49999978 12.6500001 -72.49999978 0 P 0
L 12.3500007 -77.49999994 12.6500001 -77.49999994 0 P 0
L 12.3500007 -82.5000001 12.6500001 -82.5000001 0 P 0
L 12.3500007 -87.50000026 12.6500001 -87.50000026 0 P 0
L 12.5000004 -12.6500001 12.5000004 -12.3500007 0 P 0
L 12.5000004 -17.65000026 12.5000004 -17.35000086 0 P 0
L 12.5000004 -25.1500005 12.5000004 -24.8500011 0 P 0
L 12.5000004 -32.65000074 12.5000004 -32.35000134 0 P 0
L 12.5000004 -37.6500009 12.5000004 -37.3500015 0 P 0
L 12.5000004 -47.64999868 12.5000004 -47.34999928 0 P 0
L 12.5000004 -52.64999884 12.5000004 -52.34999944 0 P 0
L 12.5000004 -57.649999 12.5000004 -57.3499996 0 P 0
L 12.5000004 -65.14999924 12.5000004 -64.84999984 0 P 0
L 12.5000004 -72.64999948 12.5000004 -72.35000008 0 P 0
L 12.5000004 -77.64999964 12.5000004 -77.35000024 0 P 0
L 12.5000004 -82.6499998 12.5000004 -82.3500004 0 P 0
L 12.5000004 -87.64999996 12.5000004 -87.35000056 0 P 0
L 14.85000078 -5.00000016 15.15000018 -5.00000016 0 P 0
L 15.00000048 -5.14999986 15.00000048 -4.85000046 0 P 0
L 17.2235622 -9.99999778 18.5235596 -9.99999778 0 P 0
L 17.2235622 -21.99999918 18.5235596 -21.99999918 0 P 0
L 17.2235622 -28.99999788 18.5235596 -28.99999788 0 P 0
L 17.2235622 -40.99999928 18.5235596 -40.99999928 0 P 0
L 17.2235622 -48.99999598 18.5235596 -48.99999598 0 P 0
L 17.2235622 -60.99999738 18.5235596 -60.99999738 0 P 0
L 17.2235622 -67.99999608 18.5235596 -67.99999608 0 P 0
L 17.2235622 -79.99999748 18.5235596 -79.99999748 0 P 0
L 17.8735609 -10.64999648 17.8735609 -9.34999908 0 P 0
L 17.8735609 -22.64999788 17.8735609 -21.35000048 0 P 0
L 17.8735609 -29.64999658 17.8735609 -28.34999918 0 P 0
L 17.8735609 -41.64999798 17.8735609 -40.35000058 0 P 0
L 17.8735609 -49.64999468 17.8735609 -48.34999728 0 P 0
L 17.8735609 -61.64999608 17.8735609 -60.34999868 0 P 0
L 17.8735609 -68.64999478 17.8735609 -67.34999738 0 P 0
L 17.8735609 -80.64999618 17.8735609 -79.34999878 0 P 0
L 19.85000094 -2.50000008 20.15000034 -2.50000008 0 P 0
L 20.00000064 -2.64999978 20.00000064 -2.35000038 0 P 0
L 22.35000102 -87.50000026 22.65000042 -87.50000026 0 P 0
L 22.50000072 -87.64999996 22.50000072 -87.35000056 0 P 0
L 24.8500011 -5.00000016 25.1500005 -5.00000016 0 P 0
L 25.0000008 -5.14999986 25.0000008 -4.85000046 0 P 0
L 27.35000118 -2.50000008 27.65000058 -2.50000008 0 P 0
L 27.50000088 -2.64999978 27.50000088 -2.35000038 0 P 0
L 29.47356056 -9.99999778 30.77355796 -9.99999778 0 P 0
L 29.47356056 -21.99999918 30.77355796 -21.99999918 0 P 0
L 29.47356056 -28.99999788 30.77355796 -28.99999788 0 P 0
L 29.47356056 -40.99999928 30.77355796 -40.99999928 0 P 0
L 29.47356056 -48.99999598 30.77355796 -48.99999598 0 P 0
L 29.47356056 -60.99999738 30.77355796 -60.99999738 0 P 0
L 29.47356056 -67.99999608 30.77355796 -67.99999608 0 P 0
L 29.47356056 -79.99999748 30.77355796 -79.99999748 0 P 0
L 29.85000126 -5.00000016 30.15000066 -5.00000016 0 P 0
L 29.85000126 -87.50000026 30.15000066 -87.50000026 0 P 0
L 30.00000096 -5.14999986 30.00000096 -4.85000046 0 P 0
L 30.00000096 -87.64999996 30.00000096 -87.35000056 0 P 0
L 30.12355926 -10.64999648 30.12355926 -9.34999908 0 P 0
L 30.12355926 -22.64999788 30.12355926 -21.35000048 0 P 0
L 30.12355926 -29.64999658 30.12355926 -28.34999918 0 P 0
L 30.12355926 -41.64999798 30.12355926 -40.35000058 0 P 0
L 30.12355926 -49.64999468 30.12355926 -48.34999728 0 P 0
L 30.12355926 -61.64999608 30.12355926 -60.34999868 0 P 0
L 30.12355926 -68.64999478 30.12355926 -67.34999738 0 P 0
L 30.12355926 -80.64999618 30.12355926 -79.34999878 0 P 0
L 31.47356164 -15.99999848 32.77355904 -15.99999848 0 P 0
L 31.47356164 -34.99999858 32.77355904 -34.99999858 0 P 0
L 31.47356164 -54.99999668 32.77355904 -54.99999668 0 P 0
L 31.47356164 -73.99999678 32.77355904 -73.99999678 0 P 0
L 32.12356034 -16.64999718 32.12356034 -15.34999978 0 P 0
L 32.12356034 -35.64999728 32.12356034 -34.34999988 0 P 0
L 32.12356034 -55.64999538 32.12356034 -54.34999798 0 P 0
L 32.12356034 -74.64999548 32.12356034 -73.34999808 0 P 0
L 32.4735571 -52.24999964 32.7735565 -52.24999964 0 P 0
L 32.6235568 -52.39999934 32.6235568 -52.09999994 0 P 0
L 36.69855754 -72.89999898 36.99855694 -72.89999898 0 P 0
L 36.84855724 -73.04999868 36.84855724 -72.74999928 0 P 0
L 37.3500015 -87.50000026 37.6500009 -87.50000026 0 P 0
L 37.5000012 -87.64999996 37.5000012 -87.35000056 0 P 0
L 38.29855688 -36.94999976 38.59855628 -36.94999976 0 P 0
L 38.34855678 -42.49999882 38.64855618 -42.49999882 0 P 0
L 38.44855658 -37.09999946 38.44855658 -36.80000006 0 P 0
L 38.49855648 -42.64999852 38.49855648 -42.34999912 0 P 0
L 38.79855842 -69.04999906 39.09855782 -69.04999906 0 P 0
L 38.94855812 -69.19999876 38.94855812 -68.89999936 0 P 0
L 39.84999904 -7.50000024 40.14999844 -7.50000024 0 P 0
L 39.84999904 -15.00000048 40.14999844 -15.00000048 0 P 0
L 39.84999904 -32.50000104 40.14999844 -32.50000104 0 P 0
L 39.84999904 -57.4999993 40.14999844 -57.4999993 0 P 0
L 39.99999874 -7.64999994 39.99999874 -7.35000054 0 P 0
L 39.99999874 -15.15000018 39.99999874 -14.85000078 0 P 0
L 39.99999874 -32.65000074 39.99999874 -32.35000134 0 P 0
L 39.99999874 -57.649999 39.99999874 -57.3499996 0 P 0
L 40.39855776 -45.67499882 40.69855716 -45.67499882 0 P 0
L 40.54855746 -45.82499852 40.54855746 -45.52499912 0 P 0
L 42.34999912 -87.50000026 42.64999852 -87.50000026 0 P 0
L 42.49999882 -87.64999996 42.49999882 -87.35000056 0 P 0
L 42.79855804 -75.9000006 43.59855644 -75.9000006 0 P 0
L 42.79855804 -81.9000013 43.59855644 -81.9000013 0 P 0
L 43.19855724 -76.2999998 43.19855724 -75.5000014 0 P 0
L 43.19855724 -82.3000005 43.19855724 -81.5000021 0 P 0
L 43.89855838 -35.94999922 44.19855778 -35.94999922 0 P 0
L 43.99855818 -51.07500072 44.29855758 -51.07500072 0 P 0
L 44.04855808 -36.09999892 44.04855808 -35.79999952 0 P 0
L 44.14855788 -51.22500042 44.14855788 -50.92500102 0 P 0
L 46.27355744 -30.20000056 46.57355684 -30.20000056 0 P 0
L 46.42355714 -30.35000026 46.42355714 -30.05000086 0 P 0
L 46.67355664 -33.92499946 46.97355604 -33.92499946 0 P 0
L 46.69855786 -35.25000062 46.99855726 -35.25000062 0 P 0
L 46.82355634 -34.07499916 46.82355634 -33.77499976 0 P 0
L 46.84855756 -35.40000032 46.84855756 -35.10000092 0 P 0
L 47.5985586 -78.6250015 48.398557 -78.6250015 0 P 0
L 47.92355668 -39.64999944 48.22355608 -39.64999944 0 P 0
L 47.92355668 -69.22499998 48.22355608 -69.22499998 0 P 0
L 47.9485579 -63.32499908 48.2485573 -63.32499908 0 P 0
L 47.9985578 -79.0250007 47.9985578 -78.2250023 0 P 0
L 48.07355638 -39.79999914 48.07355638 -39.49999974 0 P 0
L 48.07355638 -69.37499968 48.07355638 -69.07500028 0 P 0
L 48.0985576 -63.47499878 48.0985576 -63.17499938 0 P 0
L 48.82355742 -29.074999 49.12355682 -29.074999 0 P 0
L 48.97355712 -29.2249987 48.97355712 -28.9249993 0 P 0
L 49.22355662 -39.62500076 49.52355602 -39.62500076 0 P 0
L 49.37355632 -39.77500046 49.37355632 -39.47500106 0 P 0
L 49.77355806 -46.19999904 50.07355746 -46.19999904 0 P 0
L 49.84999936 -87.50000026 50.14999876 -87.50000026 0 P 0
L 49.92355776 -46.34999874 49.92355776 -46.04999934 0 P 0
L 49.99999906 -87.64999996 49.99999906 -87.35000056 0 P 0
L 51.09855668 -6.35 51.39855608 -6.35 0 P 0
L 51.24855638 -6.4999997 51.24855638 -6.2000003 0 P 0
L 52.54855632 -7.07499982 52.84855572 -7.07499982 0 P 0
L 52.69855602 -7.22499952 52.69855602 -6.92500012 0 P 0
L 52.97355674 -33.80000098 53.27355614 -33.80000098 0 P 0
L 53.04855786 -39.72500056 53.34855726 -39.72500056 0 P 0
L 53.12355644 -33.95000068 53.12355644 -33.65000128 0 P 0
L 53.19855756 -39.87500026 53.19855756 -39.57500086 0 P 0
L 53.72355778 -7.77500096 54.02355718 -7.77500096 0 P 0
L 53.87355748 -7.92500066 53.87355748 -7.62500126 0 P 0
L 54.37355648 -28.29999928 54.67355588 -28.29999928 0 P 0
L 54.52355618 -28.44999898 54.52355618 -28.14999958 0 P 0
L 54.78605756 -78.9874976 57.08605804 -78.9874976 0 P 0
L 55.22355732 -8.62499926 55.52355672 -8.62499926 0 P 0
L 55.37355702 -8.77499896 55.37355702 -8.47499956 0 P 0
L 55.69855764 -28.2750006 55.99855704 -28.2750006 0 P 0
L 55.84855734 -28.4250003 55.84855734 -28.1250009 0 P 0
L 55.9360578 -80.13749784 55.9360578 -77.83749736 0 P 0
L 56.69855818 -13.27500012 56.99855758 -13.27500012 0 P 0
L 56.72355686 -17.17499994 57.02355626 -17.17499994 0 P 0
L 56.84855788 -13.42499982 56.84855788 -13.12500042 0 P 0
L 56.87355656 -17.32499964 56.87355656 -17.02500024 0 P 0
L 57.3499996 -54.99999922 57.649999 -54.99999922 0 P 0
L 57.3499996 -87.50000026 57.649999 -87.50000026 0 P 0
L 57.4999993 -55.14999892 57.4999993 -54.84999952 0 P 0
L 57.4999993 -87.64999996 57.4999993 -87.35000056 0 P 0
L 57.5735577 -40.47499906 57.8735571 -40.47499906 0 P 0
L 57.59855638 -49.20000066 57.89855578 -49.20000066 0 P 0
L 57.69855872 -44.42499878 57.99855812 -44.42499878 0 P 0
L 57.7235574 -40.62499876 57.7235574 -40.32499936 0 P 0
L 57.74855608 -49.35000036 57.74855608 -49.05000096 0 P 0
L 57.84855842 -44.57499848 57.84855842 -44.27499908 0 P 0
L 58.82355774 -35.74999962 59.12355714 -35.74999962 0 P 0
L 58.97355744 -35.89999932 58.97355744 -35.59999992 0 P 0
L 59.84999968 -5.00000016 60.14999908 -5.00000016 0 P 0
L 59.96105864 -74.36249796 60.96105664 -74.36249796 0 P 0
L 59.96105864 -76.36249904 60.96105664 -76.36249904 0 P 0
L 59.99999938 -5.14999986 59.99999938 -4.85000046 0 P 0
L 60.46105764 -74.86249696 60.46105764 -73.86249896 0 P 0
L 60.46105764 -76.86249804 60.46105764 -75.86250004 0 P 0
L 61.44855884 -37.5000012 61.74855824 -37.5000012 0 P 0
L 61.59855854 -37.6500009 61.59855854 -37.3500015 0 P 0
L 62.24855724 -25.3000002 62.54855664 -25.3000002 0 P 0
L 62.34999976 -10.00000032 62.64999916 -10.00000032 0 P 0
L 62.34999976 -87.50000026 62.64999916 -87.50000026 0 P 0
L 62.39855694 -25.4499999 62.39855694 -25.1500005 0 P 0
L 62.46105872 -74.36249796 63.46105672 -74.36249796 0 P 0
L 62.46105872 -76.36249904 63.46105672 -76.36249904 0 P 0
L 62.49999946 -10.15000002 62.49999946 -9.85000062 0 P 0
L 62.49999946 -87.64999996 62.49999946 -87.35000056 0 P 0
L 62.96105772 -74.86249696 62.96105772 -73.86249896 0 P 0
L 62.96105772 -76.86249804 62.96105772 -75.86250004 0 P 0
L 65.09855662 -44.72500072 65.39855602 -44.72500072 0 P 0
L 65.24855632 -44.87500042 65.24855632 -44.57500102 0 P 0
L 66.91105744 -79.0374975 69.21105792 -79.0374975 0 P 0
L 67.34999992 -5.00000016 67.64999932 -5.00000016 0 P 0
L 67.34999992 -30.00000096 67.64999932 -30.00000096 0 P 0
L 67.49999962 -5.14999986 67.49999962 -4.85000046 0 P 0
L 67.49999962 -30.15000066 67.49999962 -29.85000126 0 P 0
L 67.97355722 -71.27500096 68.27355662 -71.27500096 0 P 0
L 68.06105768 -80.18749774 68.06105768 -77.88749726 0 P 0
L 68.12355692 -71.42500066 68.12355692 -71.12500126 0 P 0
L 69.85 -10.00000032 70.1499994 -10.00000032 0 P 0
L 69.85 -25.0000008 70.1499994 -25.0000008 0 P 0
L 69.85 -35.00000112 70.1499994 -35.00000112 0 P 0
L 69.85 -42.49999882 70.1499994 -42.49999882 0 P 0
L 69.85 -87.50000026 70.1499994 -87.50000026 0 P 0
L 69.9999997 -10.15000002 69.9999997 -9.85000062 0 P 0
L 69.9999997 -25.1500005 69.9999997 -24.8500011 0 P 0
L 69.9999997 -35.15000082 69.9999997 -34.85000142 0 P 0
L 69.9999997 -42.64999852 69.9999997 -42.34999912 0 P 0
L 69.9999997 -87.64999996 69.9999997 -87.35000056 0 P 0
L 71.62355754 -0.95000064 71.92355694 -0.95000064 0 P 0
L 71.77355724 -1.10000034 71.77355724 -0.80000094 0 P 0
L 72.35000008 -49.99999906 72.64999948 -49.99999906 0 P 0
L 72.35000008 -59.99999938 72.64999948 -59.99999938 0 P 0
L 72.35000008 -69.9999997 72.64999948 -69.9999997 0 P 0
L 72.35000008 -80.00000002 72.64999948 -80.00000002 0 P 0
L 72.49999978 -50.14999876 72.49999978 -49.84999936 0 P 0
L 72.49999978 -60.14999908 72.49999978 -59.84999968 0 P 0
L 72.49999978 -70.1499994 72.49999978 -69.85 0 P 0
L 72.49999978 -80.14999972 72.49999978 -79.85000032 0 P 0
L 74.85000016 -5.00000016 75.14999956 -5.00000016 0 P 0
L 74.99999986 -5.14999986 74.99999986 -4.85000046 0 P 0
L 77.2235565 -16.00000356 78.5235539 -16.00000356 0 P 0
L 77.2235565 -35.00000366 78.5235539 -35.00000366 0 P 0
L 77.2235565 -55.00000176 78.5235539 -55.00000176 0 P 0
L 77.2235565 -74.00000186 78.5235539 -74.00000186 0 P 0
L 77.35000024 -2.50000008 77.64999964 -2.50000008 0 P 0
L 77.35000024 -87.50000026 77.64999964 -87.50000026 0 P 0
L 77.49999994 -2.64999978 77.49999994 -2.35000038 0 P 0
L 77.49999994 -87.64999996 77.49999994 -87.35000056 0 P 0
L 77.8735552 -16.65000226 77.8735552 -15.35000486 0 P 0
L 77.8735552 -35.65000236 77.8735552 -34.35000496 0 P 0
L 77.8735552 -55.65000046 77.8735552 -54.35000306 0 P 0
L 77.8735552 -74.65000056 77.8735552 -73.35000316 0 P 0
L 79.22355758 -10.00000286 80.52355498 -10.00000286 0 P 0
L 79.22355758 -22.00000426 80.52355498 -22.00000426 0 P 0
L 79.22355758 -29.00000296 80.52355498 -29.00000296 0 P 0
L 79.22355758 -41.00000436 80.52355498 -41.00000436 0 P 0
L 79.22355758 -49.00000106 80.52355498 -49.00000106 0 P 0
L 79.22355758 -61.00000246 80.52355498 -61.00000246 0 P 0
L 79.22355758 -68.00000116 80.52355498 -68.00000116 0 P 0
L 79.22355758 -80.00000256 80.52355498 -80.00000256 0 P 0
L 79.87355628 -10.65000156 79.87355628 -9.35000416 0 P 0
L 79.87355628 -22.65000296 79.87355628 -21.35000556 0 P 0
L 79.87355628 -29.65000166 79.87355628 -28.35000426 0 P 0
L 79.87355628 -41.65000306 79.87355628 -40.35000566 0 P 0
L 79.87355628 -49.64999976 79.87355628 -48.35000236 0 P 0
L 79.87355628 -61.65000116 79.87355628 -60.35000376 0 P 0
L 79.87355628 -68.64999986 79.87355628 -67.35000246 0 P 0
L 79.87355628 -80.65000126 79.87355628 -79.35000386 0 P 0
L 84.85000048 -2.50000008 85.14999988 -2.50000008 0 P 0
L 84.85000048 -87.50000026 85.14999988 -87.50000026 0 P 0
L 85.00000018 -2.64999978 85.00000018 -2.35000038 0 P 0
L 85.00000018 -87.64999996 85.00000018 -87.35000056 0 P 0
L 91.47355594 -10.00000286 92.77355334 -10.00000286 0 P 0
L 91.47355594 -22.00000426 92.77355334 -22.00000426 0 P 0
L 91.47355594 -29.00000296 92.77355334 -29.00000296 0 P 0
L 91.47355594 -41.00000436 92.77355334 -41.00000436 0 P 0
L 91.47355594 -49.00000106 92.77355334 -49.00000106 0 P 0
L 91.47355594 -61.00000246 92.77355334 -61.00000246 0 P 0
L 91.47355594 -68.00000116 92.77355334 -68.00000116 0 P 0
L 91.47355594 -80.00000256 92.77355334 -80.00000256 0 P 0
L 92.12355464 -10.65000156 92.12355464 -9.35000416 0 P 0
L 92.12355464 -22.65000296 92.12355464 -21.35000556 0 P 0
L 92.12355464 -29.65000166 92.12355464 -28.35000426 0 P 0
L 92.12355464 -41.65000306 92.12355464 -40.35000566 0 P 0
L 92.12355464 -49.64999976 92.12355464 -48.35000236 0 P 0
L 92.12355464 -61.65000116 92.12355464 -60.35000376 0 P 0
L 92.12355464 -68.64999986 92.12355464 -67.35000246 0 P 0
L 92.12355464 -80.65000126 92.12355464 -79.35000386 0 P 0
L 92.35000072 -2.50000008 92.65000012 -2.50000008 0 P 0
L 92.35000072 -87.50000026 92.65000012 -87.50000026 0 P 0
L 92.50000042 -2.64999978 92.50000042 -2.35000038 0 P 0
L 92.50000042 -87.64999996 92.50000042 -87.35000056 0 P 0
L 97.35000088 -7.50000024 97.65000028 -7.50000024 0 P 0
L 97.35000088 -15.00000048 97.65000028 -15.00000048 0 P 0
L 97.35000088 -20.00000064 97.65000028 -20.00000064 0 P 0
L 97.35000088 -27.50000088 97.65000028 -27.50000088 0 P 0
L 97.35000088 -32.50000104 97.65000028 -32.50000104 0 P 0
L 97.35000088 -37.5000012 97.65000028 -37.5000012 0 P 0
L 97.35000088 -47.49999898 97.65000028 -47.49999898 0 P 0
L 97.35000088 -52.49999914 97.65000028 -52.49999914 0 P 0
L 97.35000088 -57.4999993 97.65000028 -57.4999993 0 P 0
L 97.35000088 -64.99999954 97.65000028 -64.99999954 0 P 0
L 97.35000088 -72.49999978 97.65000028 -72.49999978 0 P 0
L 97.35000088 -77.49999994 97.65000028 -77.49999994 0 P 0
L 97.35000088 -82.5000001 97.65000028 -82.5000001 0 P 0
L 97.50000058 -7.64999994 97.50000058 -7.35000054 0 P 0
L 97.50000058 -15.15000018 97.50000058 -14.85000078 0 P 0
L 97.50000058 -20.15000034 97.50000058 -19.85000094 0 P 0
L 97.50000058 -27.65000058 97.50000058 -27.35000118 0 P 0
L 97.50000058 -32.65000074 97.50000058 -32.35000134 0 P 0
L 97.50000058 -37.6500009 97.50000058 -37.3500015 0 P 0
L 97.50000058 -47.64999868 97.50000058 -47.34999928 0 P 0
L 97.50000058 -52.64999884 97.50000058 -52.34999944 0 P 0
L 97.50000058 -57.649999 97.50000058 -57.3499996 0 P 0
L 97.50000058 -65.14999924 97.50000058 -64.84999984 0 P 0
L 97.50000058 -72.64999948 97.50000058 -72.35000008 0 P 0
L 97.50000058 -77.64999964 97.50000058 -77.35000024 0 P 0
L 97.50000058 -82.6499998 97.50000058 -82.3500004 0 P 0
L 99.85000096 -2.50000008 100.15000036 -2.50000008 0 P 0
L 99.85000096 -87.50000026 100.15000036 -87.50000026 0 P 0
L 100.00000066 -2.64999978 100.00000066 -2.35000038 0 P 0
L 100.00000066 -87.64999996 100.00000066 -87.35000056 0 P 0
L 103.39855876 -5.00000016 106.59855744 -5.00000016 0 P 0
L 103.39855876 -85.00000018 106.59855744 -85.00000018 0 P 0
L 104.1985597 -11.00000086 105.7985565 -11.00000086 0 P 0
L 104.1985597 -16.00000102 105.7985565 -16.00000102 0 P 0
L 104.1985597 -21.00000118 105.7985565 -21.00000118 0 P 0
L 104.1985597 -29.99999842 105.7985565 -29.99999842 0 P 0
L 104.1985597 -34.99999858 105.7985565 -34.99999858 0 P 0
L 104.1985597 -39.99999874 105.7985565 -39.99999874 0 P 0
L 104.1985597 -49.99999906 105.7985565 -49.99999906 0 P 0
L 104.1985597 -54.99999922 105.7985565 -54.99999922 0 P 0
L 104.1985597 -59.99999938 105.7985565 -59.99999938 0 P 0
L 104.1985597 -68.99999916 105.7985565 -68.99999916 0 P 0
L 104.1985597 -73.99999932 105.7985565 -73.99999932 0 P 0
L 104.1985597 -78.99999948 105.7985565 -78.99999948 0 P 0
L 104.9985581 -6.5999995 104.9985581 -3.40000082 0 P 0
L 104.9985581 -11.79999926 104.9985581 -10.20000246 0 P 0
L 104.9985581 -16.79999942 104.9985581 -15.20000262 0 P 0
L 104.9985581 -21.79999958 104.9985581 -20.20000278 0 P 0
L 104.9985581 -30.79999682 104.9985581 -29.20000002 0 P 0
L 104.9985581 -35.79999698 104.9985581 -34.20000018 0 P 0
L 104.9985581 -40.79999714 104.9985581 -39.20000034 0 P 0
L 104.9985581 -50.79999746 104.9985581 -49.20000066 0 P 0
L 104.9985581 -55.79999762 104.9985581 -54.20000082 0 P 0
L 104.9985581 -60.79999778 104.9985581 -59.20000098 0 P 0
L 104.9985581 -69.79999756 104.9985581 -68.20000076 0 P 0
L 104.9985581 -74.79999772 104.9985581 -73.20000092 0 P 0
L 104.9985581 -79.79999788 104.9985581 -78.20000108 0 P 0
L 104.9985581 -86.59999952 104.9985581 -83.40000084 0 P 0
