UNITS=MM
#Layer_Color=9474304
#
#Feature symbol names
#
$0 r127
$1 r169.33164
$2 r101.6

#
#Feature attribute names
#

#
#Layer features
#
A 60.76585764 -74.36249796 60.76585764 -74.36249796 60.46105764 -74.36249796 2 P 0 N
A 60.76585764 -76.36249904 60.76585764 -76.36249904 60.46105764 -76.36249904 2 P 0 N
A 60.96905764 -74.36249796 60.96905764 -74.36249796 60.46105764 -74.36249796 1 P 0 N
A 60.96905764 -76.36249904 60.96905764 -76.36249904 60.46105764 -76.36249904 1 P 0 N
A 63.26585772 -74.36249796 63.26585772 -74.36249796 62.96105772 -74.36249796 2 P 0 N
A 63.26585772 -76.36249904 63.26585772 -76.36249904 62.96105772 -76.36249904 2 P 0 N
A 63.46905772 -74.36249796 63.46905772 -74.36249796 62.96105772 -74.36249796 1 P 0 N
A 63.46905772 -76.36249904 63.46905772 -76.36249904 62.96105772 -76.36249904 1 P 0 N
L 4.49055744 -5.00000016 4.99855744 -4.49200016 0 P 0
L 4.49055744 -5.00000016 4.99855744 -5.50800016 0 P 0
L 4.49055744 -10.74600086 4.74455744 -10.74600086 0 P 0
L 4.49055744 -11.25400086 4.49055744 -10.74600086 0 P 0
L 4.49055744 -11.25400086 4.74455744 -11.25400086 0 P 0
L 4.49055744 -15.74600102 4.74455744 -15.74600102 0 P 0
L 4.49055744 -16.25400102 4.49055744 -15.74600102 0 P 0
L 4.49055744 -16.25400102 4.74455744 -16.25400102 0 P 0
L 4.49055744 -20.74600118 4.74455744 -20.74600118 0 P 0
L 4.49055744 -21.25400118 4.49055744 -20.74600118 0 P 0
L 4.49055744 -21.25400118 4.74455744 -21.25400118 0 P 0
L 4.49055744 -29.74600096 4.74455744 -29.74600096 0 P 0
L 4.49055744 -30.25400096 4.49055744 -29.74600096 0 P 0
L 4.49055744 -30.25400096 4.74455744 -30.25400096 0 P 0
L 4.49055744 -34.74600112 4.74455744 -34.74600112 0 P 0
L 4.49055744 -35.25400112 4.49055744 -34.74600112 0 P 0
L 4.49055744 -35.25400112 4.74455744 -35.25400112 0 P 0
L 4.49055744 -39.74600128 4.74455744 -39.74600128 0 P 0
L 4.49055744 -40.25400128 4.49055744 -39.74600128 0 P 0
L 4.49055744 -40.25400128 4.74455744 -40.25400128 0 P 0
L 4.49055744 -49.74599906 4.74455744 -49.74599906 0 P 0
L 4.49055744 -50.25399906 4.49055744 -49.74599906 0 P 0
L 4.49055744 -50.25399906 4.74455744 -50.25399906 0 P 0
L 4.49055744 -54.74599922 4.74455744 -54.74599922 0 P 0
L 4.49055744 -55.25399922 4.49055744 -54.74599922 0 P 0
L 4.49055744 -55.25399922 4.74455744 -55.25399922 0 P 0
L 4.49055744 -59.74599938 4.74455744 -59.74599938 0 P 0
L 4.49055744 -60.25399938 4.49055744 -59.74599938 0 P 0
L 4.49055744 -60.25399938 4.74455744 -60.25399938 0 P 0
L 4.49055744 -68.74599916 4.74455744 -68.74599916 0 P 0
L 4.49055744 -69.25399916 4.49055744 -68.74599916 0 P 0
L 4.49055744 -69.25399916 4.74455744 -69.25399916 0 P 0
L 4.49055744 -73.74599932 4.74455744 -73.74599932 0 P 0
L 4.49055744 -74.25399932 4.49055744 -73.74599932 0 P 0
L 4.49055744 -74.25399932 4.74455744 -74.25399932 0 P 0
L 4.49055744 -78.74599948 4.74455744 -78.74599948 0 P 0
L 4.49055744 -79.25399948 4.49055744 -78.74599948 0 P 0
L 4.49055744 -79.25399948 4.74455744 -79.25399948 0 P 0
L 4.49055744 -85.00000018 4.99855744 -84.49200018 0 P 0
L 4.49055744 -85.00000018 4.99855744 -85.50800018 0 P 0
L 4.69375744 -10.84760086 4.84615744 -10.84760086 0 P 0
L 4.69375744 -11.15240086 4.69375744 -10.84760086 0 P 0
L 4.69375744 -11.15240086 4.84615744 -11.15240086 0 P 0
L 4.69375744 -15.84760102 4.84615744 -15.84760102 0 P 0
L 4.69375744 -16.15240102 4.69375744 -15.84760102 0 P 0
L 4.69375744 -16.15240102 4.84615744 -16.15240102 0 P 0
L 4.69375744 -20.84760118 4.84615744 -20.84760118 0 P 0
L 4.69375744 -21.15240118 4.69375744 -20.84760118 0 P 0
L 4.69375744 -21.15240118 4.84615744 -21.15240118 0 P 0
L 4.69375744 -29.84760096 4.84615744 -29.84760096 0 P 0
L 4.69375744 -30.15240096 4.69375744 -29.84760096 0 P 0
L 4.69375744 -30.15240096 4.84615744 -30.15240096 0 P 0
L 4.69375744 -34.84760112 4.84615744 -34.84760112 0 P 0
L 4.69375744 -35.15240112 4.69375744 -34.84760112 0 P 0
L 4.69375744 -35.15240112 4.84615744 -35.15240112 0 P 0
L 4.69375744 -39.84760128 4.84615744 -39.84760128 0 P 0
L 4.69375744 -40.15240128 4.69375744 -39.84760128 0 P 0
L 4.69375744 -40.15240128 4.84615744 -40.15240128 0 P 0
L 4.69375744 -49.84759906 4.84615744 -49.84759906 0 P 0
L 4.69375744 -50.15239906 4.69375744 -49.84759906 0 P 0
L 4.69375744 -50.15239906 4.84615744 -50.15239906 0 P 0
L 4.69375744 -54.84759922 4.84615744 -54.84759922 0 P 0
L 4.69375744 -55.15239922 4.69375744 -54.84759922 0 P 0
L 4.69375744 -55.15239922 4.84615744 -55.15239922 0 P 0
L 4.69375744 -59.84759938 4.84615744 -59.84759938 0 P 0
L 4.69375744 -60.15239938 4.69375744 -59.84759938 0 P 0
L 4.69375744 -60.15239938 4.84615744 -60.15239938 0 P 0
L 4.69375744 -68.84759916 4.84615744 -68.84759916 0 P 0
L 4.69375744 -69.15239916 4.69375744 -68.84759916 0 P 0
L 4.69375744 -69.15239916 4.84615744 -69.15239916 0 P 0
L 4.69375744 -73.84759932 4.84615744 -73.84759932 0 P 0
L 4.69375744 -74.15239932 4.69375744 -73.84759932 0 P 0
L 4.69375744 -74.15239932 4.84615744 -74.15239932 0 P 0
L 4.69375744 -78.84759948 4.84615744 -78.84759948 0 P 0
L 4.69375744 -79.15239948 4.69375744 -78.84759948 0 P 0
L 4.69375744 -79.15239948 4.84615744 -79.15239948 0 P 0
L 4.74455744 -10.49200086 5.25255744 -10.49200086 0 P 0
L 4.74455744 -10.74600086 4.74455744 -10.49200086 0 P 0
L 4.74455744 -11.50800086 4.74455744 -11.25400086 0 P 0
L 4.74455744 -11.50800086 5.25255744 -11.50800086 0 P 0
L 4.74455744 -15.49200102 5.25255744 -15.49200102 0 P 0
L 4.74455744 -15.74600102 4.74455744 -15.49200102 0 P 0
L 4.74455744 -16.50800102 4.74455744 -16.25400102 0 P 0
L 4.74455744 -16.50800102 5.25255744 -16.50800102 0 P 0
L 4.74455744 -20.49200118 5.25255744 -20.49200118 0 P 0
L 4.74455744 -20.74600118 4.74455744 -20.49200118 0 P 0
L 4.74455744 -21.50800118 4.74455744 -21.25400118 0 P 0
L 4.74455744 -21.50800118 5.25255744 -21.50800118 0 P 0
L 4.74455744 -29.49200096 5.25255744 -29.49200096 0 P 0
L 4.74455744 -29.74600096 4.74455744 -29.49200096 0 P 0
L 4.74455744 -30.50800096 4.74455744 -30.25400096 0 P 0
L 4.74455744 -30.50800096 5.25255744 -30.50800096 0 P 0
L 4.74455744 -34.49200112 5.25255744 -34.49200112 0 P 0
L 4.74455744 -34.74600112 4.74455744 -34.49200112 0 P 0
L 4.74455744 -35.50800112 4.74455744 -35.25400112 0 P 0
L 4.74455744 -35.50800112 5.25255744 -35.50800112 0 P 0
L 4.74455744 -39.49200128 5.25255744 -39.49200128 0 P 0
L 4.74455744 -39.74600128 4.74455744 -39.49200128 0 P 0
L 4.74455744 -40.50800128 4.74455744 -40.25400128 0 P 0
L 4.74455744 -40.50800128 5.25255744 -40.50800128 0 P 0
L 4.74455744 -49.49199906 5.25255744 -49.49199906 0 P 0
L 4.74455744 -49.74599906 4.74455744 -49.49199906 0 P 0
L 4.74455744 -50.50799906 4.74455744 -50.25399906 0 P 0
L 4.74455744 -50.50799906 5.25255744 -50.50799906 0 P 0
L 4.74455744 -54.49199922 5.25255744 -54.49199922 0 P 0
L 4.74455744 -54.74599922 4.74455744 -54.49199922 0 P 0
L 4.74455744 -55.50799922 4.74455744 -55.25399922 0 P 0
L 4.74455744 -55.50799922 5.25255744 -55.50799922 0 P 0
L 4.74455744 -59.49199938 5.25255744 -59.49199938 0 P 0
L 4.74455744 -59.74599938 4.74455744 -59.49199938 0 P 0
L 4.74455744 -60.50799938 4.74455744 -60.25399938 0 P 0
L 4.74455744 -60.50799938 5.25255744 -60.50799938 0 P 0
L 4.74455744 -68.49199916 5.25255744 -68.49199916 0 P 0
L 4.74455744 -68.74599916 4.74455744 -68.49199916 0 P 0
L 4.74455744 -69.50799916 4.74455744 -69.25399916 0 P 0
L 4.74455744 -69.50799916 5.25255744 -69.50799916 0 P 0
L 4.74455744 -73.49199932 5.25255744 -73.49199932 0 P 0
L 4.74455744 -73.74599932 4.74455744 -73.49199932 0 P 0
L 4.74455744 -74.50799932 4.74455744 -74.25399932 0 P 0
L 4.74455744 -74.50799932 5.25255744 -74.50799932 0 P 0
L 4.74455744 -78.49199948 5.25255744 -78.49199948 0 P 0
L 4.74455744 -78.74599948 4.74455744 -78.49199948 0 P 0
L 4.74455744 -79.50799948 4.74455744 -79.25399948 0 P 0
L 4.74455744 -79.50799948 5.25255744 -79.50799948 0 P 0
L 4.84615744 -10.69520086 5.15095744 -10.69520086 0 P 0
L 4.84615744 -10.84760086 4.84615744 -10.69520086 0 P 0
L 4.84615744 -11.30480086 4.84615744 -11.15240086 0 P 0
L 4.84615744 -11.30480086 5.15095744 -11.30480086 0 P 0
L 4.84615744 -15.69520102 5.15095744 -15.69520102 0 P 0
L 4.84615744 -15.84760102 4.84615744 -15.69520102 0 P 0
L 4.84615744 -16.30480102 4.84615744 -16.15240102 0 P 0
L 4.84615744 -16.30480102 5.15095744 -16.30480102 0 P 0
L 4.84615744 -20.69520118 5.15095744 -20.69520118 0 P 0
L 4.84615744 -20.84760118 4.84615744 -20.69520118 0 P 0
L 4.84615744 -21.30480118 4.84615744 -21.15240118 0 P 0
L 4.84615744 -21.30480118 5.15095744 -21.30480118 0 P 0
L 4.84615744 -29.69520096 5.15095744 -29.69520096 0 P 0
L 4.84615744 -29.84760096 4.84615744 -29.69520096 0 P 0
L 4.84615744 -30.30480096 4.84615744 -30.15240096 0 P 0
L 4.84615744 -30.30480096 5.15095744 -30.30480096 0 P 0
L 4.84615744 -34.69520112 5.15095744 -34.69520112 0 P 0
L 4.84615744 -34.84760112 4.84615744 -34.69520112 0 P 0
L 4.84615744 -35.30480112 4.84615744 -35.15240112 0 P 0
L 4.84615744 -35.30480112 5.15095744 -35.30480112 0 P 0
L 4.84615744 -39.69520128 5.15095744 -39.69520128 0 P 0
L 4.84615744 -39.84760128 4.84615744 -39.69520128 0 P 0
L 4.84615744 -40.30480128 4.84615744 -40.15240128 0 P 0
L 4.84615744 -40.30480128 5.15095744 -40.30480128 0 P 0
L 4.84615744 -49.69519906 5.15095744 -49.69519906 0 P 0
L 4.84615744 -49.84759906 4.84615744 -49.69519906 0 P 0
L 4.84615744 -50.30479906 4.84615744 -50.15239906 0 P 0
L 4.84615744 -50.30479906 5.15095744 -50.30479906 0 P 0
L 4.84615744 -54.69519922 5.15095744 -54.69519922 0 P 0
L 4.84615744 -54.84759922 4.84615744 -54.69519922 0 P 0
L 4.84615744 -55.30479922 4.84615744 -55.15239922 0 P 0
L 4.84615744 -55.30479922 5.15095744 -55.30479922 0 P 0
L 4.84615744 -59.69519938 5.15095744 -59.69519938 0 P 0
L 4.84615744 -59.84759938 4.84615744 -59.69519938 0 P 0
L 4.84615744 -60.30479938 4.84615744 -60.15239938 0 P 0
L 4.84615744 -60.30479938 5.15095744 -60.30479938 0 P 0
L 4.84615744 -68.69519916 5.15095744 -68.69519916 0 P 0
L 4.84615744 -68.84759916 4.84615744 -68.69519916 0 P 0
L 4.84615744 -69.30479916 4.84615744 -69.15239916 0 P 0
L 4.84615744 -69.30479916 5.15095744 -69.30479916 0 P 0
L 4.84615744 -73.69519932 5.15095744 -73.69519932 0 P 0
L 4.84615744 -73.84759932 4.84615744 -73.69519932 0 P 0
L 4.84615744 -74.30479932 4.84615744 -74.15239932 0 P 0
L 4.84615744 -74.30479932 5.15095744 -74.30479932 0 P 0
L 4.84615744 -78.69519948 5.15095744 -78.69519948 0 P 0
L 4.84615744 -78.84759948 4.84615744 -78.69519948 0 P 0
L 4.84615744 -79.30479948 4.84615744 -79.15239948 0 P 0
L 4.84615744 -79.30479948 5.15095744 -79.30479948 0 P 0
L 4.99855744 -4.49200016 5.50655744 -5.00000016 0 P 0
L 4.99855744 -5.50800016 5.50655744 -5.00000016 0 P 0
L 4.99855744 -84.49200018 5.50655744 -85.00000018 0 P 0
L 4.99855744 -85.50800018 5.50655744 -85.00000018 0 P 0
L 5.15095744 -10.84760086 5.15095744 -10.69520086 0 P 0
L 5.15095744 -10.84760086 5.30335744 -10.84760086 0 P 0
L 5.15095744 -11.15240086 5.30335744 -11.15240086 0 P 0
L 5.15095744 -11.30480086 5.15095744 -11.15240086 0 P 0
L 5.15095744 -15.84760102 5.15095744 -15.69520102 0 P 0
L 5.15095744 -15.84760102 5.30335744 -15.84760102 0 P 0
L 5.15095744 -16.15240102 5.30335744 -16.15240102 0 P 0
L 5.15095744 -16.30480102 5.15095744 -16.15240102 0 P 0
L 5.15095744 -20.84760118 5.15095744 -20.69520118 0 P 0
L 5.15095744 -20.84760118 5.30335744 -20.84760118 0 P 0
L 5.15095744 -21.15240118 5.30335744 -21.15240118 0 P 0
L 5.15095744 -21.30480118 5.15095744 -21.15240118 0 P 0
L 5.15095744 -29.84760096 5.15095744 -29.69520096 0 P 0
L 5.15095744 -29.84760096 5.30335744 -29.84760096 0 P 0
L 5.15095744 -30.15240096 5.30335744 -30.15240096 0 P 0
L 5.15095744 -30.30480096 5.15095744 -30.15240096 0 P 0
L 5.15095744 -34.84760112 5.15095744 -34.69520112 0 P 0
L 5.15095744 -34.84760112 5.30335744 -34.84760112 0 P 0
L 5.15095744 -35.15240112 5.30335744 -35.15240112 0 P 0
L 5.15095744 -35.30480112 5.15095744 -35.15240112 0 P 0
L 5.15095744 -39.84760128 5.15095744 -39.69520128 0 P 0
L 5.15095744 -39.84760128 5.30335744 -39.84760128 0 P 0
L 5.15095744 -40.15240128 5.30335744 -40.15240128 0 P 0
L 5.15095744 -40.30480128 5.15095744 -40.15240128 0 P 0
L 5.15095744 -49.84759906 5.15095744 -49.69519906 0 P 0
L 5.15095744 -49.84759906 5.30335744 -49.84759906 0 P 0
L 5.15095744 -50.15239906 5.30335744 -50.15239906 0 P 0
L 5.15095744 -50.30479906 5.15095744 -50.15239906 0 P 0
L 5.15095744 -54.84759922 5.15095744 -54.69519922 0 P 0
L 5.15095744 -54.84759922 5.30335744 -54.84759922 0 P 0
L 5.15095744 -55.15239922 5.30335744 -55.15239922 0 P 0
L 5.15095744 -55.30479922 5.15095744 -55.15239922 0 P 0
L 5.15095744 -59.84759938 5.15095744 -59.69519938 0 P 0
L 5.15095744 -59.84759938 5.30335744 -59.84759938 0 P 0
L 5.15095744 -60.15239938 5.30335744 -60.15239938 0 P 0
L 5.15095744 -60.30479938 5.15095744 -60.15239938 0 P 0
L 5.15095744 -68.84759916 5.15095744 -68.69519916 0 P 0
L 5.15095744 -68.84759916 5.30335744 -68.84759916 0 P 0
L 5.15095744 -69.15239916 5.30335744 -69.15239916 0 P 0
L 5.15095744 -69.30479916 5.15095744 -69.15239916 0 P 0
L 5.15095744 -73.84759932 5.15095744 -73.69519932 0 P 0
L 5.15095744 -73.84759932 5.30335744 -73.84759932 0 P 0
L 5.15095744 -74.15239932 5.30335744 -74.15239932 0 P 0
L 5.15095744 -74.30479932 5.15095744 -74.15239932 0 P 0
L 5.15095744 -78.84759948 5.15095744 -78.69519948 0 P 0
L 5.15095744 -78.84759948 5.30335744 -78.84759948 0 P 0
L 5.15095744 -79.15239948 5.30335744 -79.15239948 0 P 0
L 5.15095744 -79.30479948 5.15095744 -79.15239948 0 P 0
L 5.25255744 -10.74600086 5.25255744 -10.49200086 0 P 0
L 5.25255744 -10.74600086 5.50655744 -10.74600086 0 P 0
L 5.25255744 -11.25400086 5.50655744 -11.25400086 0 P 0
L 5.25255744 -11.50800086 5.25255744 -11.25400086 0 P 0
L 5.25255744 -15.74600102 5.25255744 -15.49200102 0 P 0
L 5.25255744 -15.74600102 5.50655744 -15.74600102 0 P 0
L 5.25255744 -16.25400102 5.50655744 -16.25400102 0 P 0
L 5.25255744 -16.50800102 5.25255744 -16.25400102 0 P 0
L 5.25255744 -20.74600118 5.25255744 -20.49200118 0 P 0
L 5.25255744 -20.74600118 5.50655744 -20.74600118 0 P 0
L 5.25255744 -21.25400118 5.50655744 -21.25400118 0 P 0
L 5.25255744 -21.50800118 5.25255744 -21.25400118 0 P 0
L 5.25255744 -29.74600096 5.25255744 -29.49200096 0 P 0
L 5.25255744 -29.74600096 5.50655744 -29.74600096 0 P 0
L 5.25255744 -30.25400096 5.50655744 -30.25400096 0 P 0
L 5.25255744 -30.50800096 5.25255744 -30.25400096 0 P 0
L 5.25255744 -34.74600112 5.25255744 -34.49200112 0 P 0
L 5.25255744 -34.74600112 5.50655744 -34.74600112 0 P 0
L 5.25255744 -35.25400112 5.50655744 -35.25400112 0 P 0
L 5.25255744 -35.50800112 5.25255744 -35.25400112 0 P 0
L 5.25255744 -39.74600128 5.25255744 -39.49200128 0 P 0
L 5.25255744 -39.74600128 5.50655744 -39.74600128 0 P 0
L 5.25255744 -40.25400128 5.50655744 -40.25400128 0 P 0
L 5.25255744 -40.50800128 5.25255744 -40.25400128 0 P 0
L 5.25255744 -49.74599906 5.25255744 -49.49199906 0 P 0
L 5.25255744 -49.74599906 5.50655744 -49.74599906 0 P 0
L 5.25255744 -50.25399906 5.50655744 -50.25399906 0 P 0
L 5.25255744 -50.50799906 5.25255744 -50.25399906 0 P 0
L 5.25255744 -54.74599922 5.25255744 -54.49199922 0 P 0
L 5.25255744 -54.74599922 5.50655744 -54.74599922 0 P 0
L 5.25255744 -55.25399922 5.50655744 -55.25399922 0 P 0
L 5.25255744 -55.50799922 5.25255744 -55.25399922 0 P 0
L 5.25255744 -59.74599938 5.25255744 -59.49199938 0 P 0
L 5.25255744 -59.74599938 5.50655744 -59.74599938 0 P 0
L 5.25255744 -60.25399938 5.50655744 -60.25399938 0 P 0
L 5.25255744 -60.50799938 5.25255744 -60.25399938 0 P 0
L 5.25255744 -68.74599916 5.25255744 -68.49199916 0 P 0
L 5.25255744 -68.74599916 5.50655744 -68.74599916 0 P 0
L 5.25255744 -69.25399916 5.50655744 -69.25399916 0 P 0
L 5.25255744 -69.50799916 5.25255744 -69.25399916 0 P 0
L 5.25255744 -73.74599932 5.25255744 -73.49199932 0 P 0
L 5.25255744 -73.74599932 5.50655744 -73.74599932 0 P 0
L 5.25255744 -74.25399932 5.50655744 -74.25399932 0 P 0
L 5.25255744 -74.50799932 5.25255744 -74.25399932 0 P 0
L 5.25255744 -78.74599948 5.25255744 -78.49199948 0 P 0
L 5.25255744 -78.74599948 5.50655744 -78.74599948 0 P 0
L 5.25255744 -79.25399948 5.50655744 -79.25399948 0 P 0
L 5.25255744 -79.50799948 5.25255744 -79.25399948 0 P 0
L 5.30335744 -11.15240086 5.30335744 -10.84760086 0 P 0
L 5.30335744 -16.15240102 5.30335744 -15.84760102 0 P 0
L 5.30335744 -21.15240118 5.30335744 -20.84760118 0 P 0
L 5.30335744 -30.15240096 5.30335744 -29.84760096 0 P 0
L 5.30335744 -35.15240112 5.30335744 -34.84760112 0 P 0
L 5.30335744 -40.15240128 5.30335744 -39.84760128 0 P 0
L 5.30335744 -50.15239906 5.30335744 -49.84759906 0 P 0
L 5.30335744 -55.15239922 5.30335744 -54.84759922 0 P 0
L 5.30335744 -60.15239938 5.30335744 -59.84759938 0 P 0
L 5.30335744 -69.15239916 5.30335744 -68.84759916 0 P 0
L 5.30335744 -74.15239932 5.30335744 -73.84759932 0 P 0
L 5.30335744 -79.15239948 5.30335744 -78.84759948 0 P 0
L 5.50655744 -11.25400086 5.50655744 -10.74600086 0 P 0
L 5.50655744 -16.25400102 5.50655744 -15.74600102 0 P 0
L 5.50655744 -21.25400118 5.50655744 -20.74600118 0 P 0
L 5.50655744 -30.25400096 5.50655744 -29.74600096 0 P 0
L 5.50655744 -35.25400112 5.50655744 -34.74600112 0 P 0
L 5.50655744 -40.25400128 5.50655744 -39.74600128 0 P 0
L 5.50655744 -50.25399906 5.50655744 -49.74599906 0 P 0
L 5.50655744 -55.25399922 5.50655744 -54.74599922 0 P 0
L 5.50655744 -60.25399938 5.50655744 -59.74599938 0 P 0
L 5.50655744 -69.25399916 5.50655744 -68.74599916 0 P 0
L 5.50655744 -74.25399932 5.50655744 -73.74599932 0 P 0
L 5.50655744 -79.25399948 5.50655744 -78.74599948 0 P 0
L 9.49200032 -1.99200008 10.50800032 -1.99200008 0 P 0
L 9.49200032 -3.00800008 9.49200032 -1.99200008 0 P 0
L 9.49200032 -3.00800008 10.50800032 -3.00800008 0 P 0
L 10.50800032 -3.00800008 10.50800032 -1.99200008 0 P 0
L 11.9920004 -11.9920004 13.0080004 -11.9920004 0 P 0
L 11.9920004 -13.0080004 11.9920004 -11.9920004 0 P 0
L 11.9920004 -13.0080004 13.0080004 -13.0080004 0 P 0
L 11.9920004 -16.99200056 13.0080004 -16.99200056 0 P 0
L 11.9920004 -18.00800056 11.9920004 -16.99200056 0 P 0
L 11.9920004 -18.00800056 13.0080004 -18.00800056 0 P 0
L 11.9920004 -24.4920008 13.0080004 -24.4920008 0 P 0
L 11.9920004 -25.5080008 11.9920004 -24.4920008 0 P 0
L 11.9920004 -25.5080008 13.0080004 -25.5080008 0 P 0
L 11.9920004 -31.99200104 13.0080004 -31.99200104 0 P 0
L 11.9920004 -33.00800104 11.9920004 -31.99200104 0 P 0
L 11.9920004 -33.00800104 13.0080004 -33.00800104 0 P 0
L 11.9920004 -36.9920012 13.0080004 -36.9920012 0 P 0
L 11.9920004 -38.0080012 11.9920004 -36.9920012 0 P 0
L 11.9920004 -38.0080012 13.0080004 -38.0080012 0 P 0
L 11.9920004 -46.99199898 13.0080004 -46.99199898 0 P 0
L 11.9920004 -48.00799898 11.9920004 -46.99199898 0 P 0
L 11.9920004 -48.00799898 13.0080004 -48.00799898 0 P 0
L 11.9920004 -51.99199914 13.0080004 -51.99199914 0 P 0
L 11.9920004 -53.00799914 11.9920004 -51.99199914 0 P 0
L 11.9920004 -53.00799914 13.0080004 -53.00799914 0 P 0
L 11.9920004 -56.9919993 13.0080004 -56.9919993 0 P 0
L 11.9920004 -58.0079993 11.9920004 -56.9919993 0 P 0
L 11.9920004 -58.0079993 13.0080004 -58.0079993 0 P 0
L 11.9920004 -64.49199954 13.0080004 -64.49199954 0 P 0
L 11.9920004 -65.50799954 11.9920004 -64.49199954 0 P 0
L 11.9920004 -65.50799954 13.0080004 -65.50799954 0 P 0
L 11.9920004 -71.99199978 13.0080004 -71.99199978 0 P 0
L 11.9920004 -73.00799978 11.9920004 -71.99199978 0 P 0
L 11.9920004 -73.00799978 13.0080004 -73.00799978 0 P 0
L 11.9920004 -76.99199994 13.0080004 -76.99199994 0 P 0
L 11.9920004 -78.00799994 11.9920004 -76.99199994 0 P 0
L 11.9920004 -78.00799994 13.0080004 -78.00799994 0 P 0
L 11.9920004 -81.9920001 13.0080004 -81.9920001 0 P 0
L 11.9920004 -83.0080001 11.9920004 -81.9920001 0 P 0
L 11.9920004 -83.0080001 13.0080004 -83.0080001 0 P 0
L 11.9920004 -86.99200026 13.0080004 -86.99200026 0 P 0
L 11.9920004 -88.00800026 11.9920004 -86.99200026 0 P 0
L 11.9920004 -88.00800026 13.0080004 -88.00800026 0 P 0
L 13.0080004 -13.0080004 13.0080004 -11.9920004 0 P 0
L 13.0080004 -18.00800056 13.0080004 -16.99200056 0 P 0
L 13.0080004 -25.5080008 13.0080004 -24.4920008 0 P 0
L 13.0080004 -33.00800104 13.0080004 -31.99200104 0 P 0
L 13.0080004 -38.0080012 13.0080004 -36.9920012 0 P 0
L 13.0080004 -48.00799898 13.0080004 -46.99199898 0 P 0
L 13.0080004 -53.00799914 13.0080004 -51.99199914 0 P 0
L 13.0080004 -58.0079993 13.0080004 -56.9919993 0 P 0
L 13.0080004 -65.50799954 13.0080004 -64.49199954 0 P 0
L 13.0080004 -73.00799978 13.0080004 -71.99199978 0 P 0
L 13.0080004 -78.00799994 13.0080004 -76.99199994 0 P 0
L 13.0080004 -83.0080001 13.0080004 -81.9920001 0 P 0
L 13.0080004 -88.00800026 13.0080004 -86.99200026 0 P 0
L 14.49200048 -4.49200016 15.50800048 -4.49200016 0 P 0
L 14.49200048 -5.50800016 14.49200048 -4.49200016 0 P 0
L 14.49200048 -5.50800016 15.50800048 -5.50800016 0 P 0
L 15.50800048 -5.50800016 15.50800048 -4.49200016 0 P 0
L 17.3655609 -9.49199778 18.3815609 -9.49199778 0 P 0
L 17.3655609 -10.50799778 17.3655609 -9.49199778 0 P 0
L 17.3655609 -10.50799778 18.3815609 -10.50799778 0 P 0
L 17.3655609 -21.49199918 18.3815609 -21.49199918 0 P 0
L 17.3655609 -22.50799918 17.3655609 -21.49199918 0 P 0
L 17.3655609 -22.50799918 18.3815609 -22.50799918 0 P 0
L 17.3655609 -28.49199788 18.3815609 -28.49199788 0 P 0
L 17.3655609 -29.50799788 17.3655609 -28.49199788 0 P 0
L 17.3655609 -29.50799788 18.3815609 -29.50799788 0 P 0
L 17.3655609 -40.49199928 18.3815609 -40.49199928 0 P 0
L 17.3655609 -41.50799928 17.3655609 -40.49199928 0 P 0
L 17.3655609 -41.50799928 18.3815609 -41.50799928 0 P 0
L 17.3655609 -48.49199598 18.3815609 -48.49199598 0 P 0
L 17.3655609 -49.50799598 17.3655609 -48.49199598 0 P 0
L 17.3655609 -49.50799598 18.3815609 -49.50799598 0 P 0
L 17.3655609 -60.49199738 18.3815609 -60.49199738 0 P 0
L 17.3655609 -61.50799738 17.3655609 -60.49199738 0 P 0
L 17.3655609 -61.50799738 18.3815609 -61.50799738 0 P 0
L 17.3655609 -67.49199608 18.3815609 -67.49199608 0 P 0
L 17.3655609 -68.50799608 17.3655609 -67.49199608 0 P 0
L 17.3655609 -68.50799608 18.3815609 -68.50799608 0 P 0
L 17.3655609 -79.49199748 18.3815609 -79.49199748 0 P 0
L 17.3655609 -80.50799748 17.3655609 -79.49199748 0 P 0
L 17.3655609 -80.50799748 18.3815609 -80.50799748 0 P 0
L 17.5687609 -9.69519778 18.1783609 -9.69519778 0 P 0
L 17.5687609 -10.30479778 17.5687609 -9.69519778 0 P 0
L 17.5687609 -10.30479778 18.1783609 -10.30479778 0 P 0
L 17.5687609 -21.69519918 18.1783609 -21.69519918 0 P 0
L 17.5687609 -22.30479918 17.5687609 -21.69519918 0 P 0
L 17.5687609 -22.30479918 18.1783609 -22.30479918 0 P 0
L 17.5687609 -28.69519788 18.1783609 -28.69519788 0 P 0
L 17.5687609 -29.30479788 17.5687609 -28.69519788 0 P 0
L 17.5687609 -29.30479788 18.1783609 -29.30479788 0 P 0
L 17.5687609 -40.69519928 18.1783609 -40.69519928 0 P 0
L 17.5687609 -41.30479928 17.5687609 -40.69519928 0 P 0
L 17.5687609 -41.30479928 18.1783609 -41.30479928 0 P 0
L 17.5687609 -48.69519598 18.1783609 -48.69519598 0 P 0
L 17.5687609 -49.30479598 17.5687609 -48.69519598 0 P 0
L 17.5687609 -49.30479598 18.1783609 -49.30479598 0 P 0
L 17.5687609 -60.69519738 18.1783609 -60.69519738 0 P 0
L 17.5687609 -61.30479738 17.5687609 -60.69519738 0 P 0
L 17.5687609 -61.30479738 18.1783609 -61.30479738 0 P 0
L 17.5687609 -67.69519608 18.1783609 -67.69519608 0 P 0
L 17.5687609 -68.30479608 17.5687609 -67.69519608 0 P 0
L 17.5687609 -68.30479608 18.1783609 -68.30479608 0 P 0
L 17.5687609 -79.69519748 18.1783609 -79.69519748 0 P 0
L 17.5687609 -80.30479748 17.5687609 -79.69519748 0 P 0
L 17.5687609 -80.30479748 18.1783609 -80.30479748 0 P 0
L 18.1783609 -10.30479778 18.1783609 -9.69519778 0 P 0
L 18.1783609 -22.30479918 18.1783609 -21.69519918 0 P 0
L 18.1783609 -29.30479788 18.1783609 -28.69519788 0 P 0
L 18.1783609 -41.30479928 18.1783609 -40.69519928 0 P 0
L 18.1783609 -49.30479598 18.1783609 -48.69519598 0 P 0
L 18.1783609 -61.30479738 18.1783609 -60.69519738 0 P 0
L 18.1783609 -68.30479608 18.1783609 -67.69519608 0 P 0
L 18.1783609 -80.30479748 18.1783609 -79.69519748 0 P 0
L 18.3815609 -10.50799778 18.3815609 -9.49199778 0 P 0
L 18.3815609 -22.50799918 18.3815609 -21.49199918 0 P 0
L 18.3815609 -29.50799788 18.3815609 -28.49199788 0 P 0
L 18.3815609 -41.50799928 18.3815609 -40.49199928 0 P 0
L 18.3815609 -49.50799598 18.3815609 -48.49199598 0 P 0
L 18.3815609 -61.50799738 18.3815609 -60.49199738 0 P 0
L 18.3815609 -68.50799608 18.3815609 -67.49199608 0 P 0
L 18.3815609 -80.50799748 18.3815609 -79.49199748 0 P 0
L 19.49200064 -1.99200008 20.50800064 -1.99200008 0 P 0
L 19.49200064 -3.00800008 19.49200064 -1.99200008 0 P 0
L 19.49200064 -3.00800008 20.50800064 -3.00800008 0 P 0
L 20.50800064 -3.00800008 20.50800064 -1.99200008 0 P 0
L 21.99200072 -86.99200026 23.00800072 -86.99200026 0 P 0
L 21.99200072 -88.00800026 21.99200072 -86.99200026 0 P 0
L 21.99200072 -88.00800026 23.00800072 -88.00800026 0 P 0
L 23.00800072 -88.00800026 23.00800072 -86.99200026 0 P 0
L 24.4920008 -4.49200016 25.5080008 -4.49200016 0 P 0
L 24.4920008 -5.50800016 24.4920008 -4.49200016 0 P 0
L 24.4920008 -5.50800016 25.5080008 -5.50800016 0 P 0
L 25.5080008 -5.50800016 25.5080008 -4.49200016 0 P 0
L 26.99200088 -1.99200008 28.00800088 -1.99200008 0 P 0
L 26.99200088 -3.00800008 26.99200088 -1.99200008 0 P 0
L 26.99200088 -3.00800008 28.00800088 -3.00800008 0 P 0
L 28.00800088 -3.00800008 28.00800088 -1.99200008 0 P 0
L 29.49200096 -4.49200016 30.50800096 -4.49200016 0 P 0
L 29.49200096 -5.50800016 29.49200096 -4.49200016 0 P 0
L 29.49200096 -5.50800016 30.50800096 -5.50800016 0 P 0
L 29.49200096 -86.99200026 30.50800096 -86.99200026 0 P 0
L 29.49200096 -88.00800026 29.49200096 -86.99200026 0 P 0
L 29.49200096 -88.00800026 30.50800096 -88.00800026 0 P 0
L 29.61555926 -9.49199778 30.63155926 -9.49199778 0 P 0
L 29.61555926 -10.50799778 29.61555926 -9.49199778 0 P 0
L 29.61555926 -10.50799778 30.63155926 -10.50799778 0 P 0
L 29.61555926 -21.49199918 30.63155926 -21.49199918 0 P 0
L 29.61555926 -22.50799918 29.61555926 -21.49199918 0 P 0
L 29.61555926 -22.50799918 30.63155926 -22.50799918 0 P 0
L 29.61555926 -28.49199788 30.63155926 -28.49199788 0 P 0
L 29.61555926 -29.50799788 29.61555926 -28.49199788 0 P 0
L 29.61555926 -29.50799788 30.63155926 -29.50799788 0 P 0
L 29.61555926 -40.49199928 30.63155926 -40.49199928 0 P 0
L 29.61555926 -41.50799928 29.61555926 -40.49199928 0 P 0
L 29.61555926 -41.50799928 30.63155926 -41.50799928 0 P 0
L 29.61555926 -48.49199598 30.63155926 -48.49199598 0 P 0
L 29.61555926 -49.50799598 29.61555926 -48.49199598 0 P 0
L 29.61555926 -49.50799598 30.63155926 -49.50799598 0 P 0
L 29.61555926 -60.49199738 30.63155926 -60.49199738 0 P 0
L 29.61555926 -61.50799738 29.61555926 -60.49199738 0 P 0
L 29.61555926 -61.50799738 30.63155926 -61.50799738 0 P 0
L 29.61555926 -67.49199608 30.63155926 -67.49199608 0 P 0
L 29.61555926 -68.50799608 29.61555926 -67.49199608 0 P 0
L 29.61555926 -68.50799608 30.63155926 -68.50799608 0 P 0
L 29.61555926 -79.49199748 30.63155926 -79.49199748 0 P 0
L 29.61555926 -80.50799748 29.61555926 -79.49199748 0 P 0
L 29.61555926 -80.50799748 30.63155926 -80.50799748 0 P 0
L 29.81875926 -9.69519778 30.42835926 -9.69519778 0 P 0
L 29.81875926 -10.30479778 29.81875926 -9.69519778 0 P 0
L 29.81875926 -10.30479778 30.42835926 -10.30479778 0 P 0
L 29.81875926 -21.69519918 30.42835926 -21.69519918 0 P 0
L 29.81875926 -22.30479918 29.81875926 -21.69519918 0 P 0
L 29.81875926 -22.30479918 30.42835926 -22.30479918 0 P 0
L 29.81875926 -28.69519788 30.42835926 -28.69519788 0 P 0
L 29.81875926 -29.30479788 29.81875926 -28.69519788 0 P 0
L 29.81875926 -29.30479788 30.42835926 -29.30479788 0 P 0
L 29.81875926 -40.69519928 30.42835926 -40.69519928 0 P 0
L 29.81875926 -41.30479928 29.81875926 -40.69519928 0 P 0
L 29.81875926 -41.30479928 30.42835926 -41.30479928 0 P 0
L 29.81875926 -48.69519598 30.42835926 -48.69519598 0 P 0
L 29.81875926 -49.30479598 29.81875926 -48.69519598 0 P 0
L 29.81875926 -49.30479598 30.42835926 -49.30479598 0 P 0
L 29.81875926 -60.69519738 30.42835926 -60.69519738 0 P 0
L 29.81875926 -61.30479738 29.81875926 -60.69519738 0 P 0
L 29.81875926 -61.30479738 30.42835926 -61.30479738 0 P 0
L 29.81875926 -67.69519608 30.42835926 -67.69519608 0 P 0
L 29.81875926 -68.30479608 29.81875926 -67.69519608 0 P 0
L 29.81875926 -68.30479608 30.42835926 -68.30479608 0 P 0
L 29.81875926 -79.69519748 30.42835926 -79.69519748 0 P 0
L 29.81875926 -80.30479748 29.81875926 -79.69519748 0 P 0
L 29.81875926 -80.30479748 30.42835926 -80.30479748 0 P 0
L 30.42835926 -10.30479778 30.42835926 -9.69519778 0 P 0
L 30.42835926 -22.30479918 30.42835926 -21.69519918 0 P 0
L 30.42835926 -29.30479788 30.42835926 -28.69519788 0 P 0
L 30.42835926 -41.30479928 30.42835926 -40.69519928 0 P 0
L 30.42835926 -49.30479598 30.42835926 -48.69519598 0 P 0
L 30.42835926 -61.30479738 30.42835926 -60.69519738 0 P 0
L 30.42835926 -68.30479608 30.42835926 -67.69519608 0 P 0
L 30.42835926 -80.30479748 30.42835926 -79.69519748 0 P 0
L 30.50800096 -5.50800016 30.50800096 -4.49200016 0 P 0
L 30.50800096 -88.00800026 30.50800096 -86.99200026 0 P 0
L 30.63155926 -10.50799778 30.63155926 -9.49199778 0 P 0
L 30.63155926 -22.50799918 30.63155926 -21.49199918 0 P 0
L 30.63155926 -29.50799788 30.63155926 -28.49199788 0 P 0
L 30.63155926 -41.50799928 30.63155926 -40.49199928 0 P 0
L 30.63155926 -49.50799598 30.63155926 -48.49199598 0 P 0
L 30.63155926 -61.50799738 30.63155926 -60.49199738 0 P 0
L 30.63155926 -68.50799608 30.63155926 -67.49199608 0 P 0
L 30.63155926 -80.50799748 30.63155926 -79.49199748 0 P 0
L 31.61556034 -15.49199848 32.63156034 -15.49199848 0 P 0
L 31.61556034 -16.50799848 31.61556034 -15.49199848 0 P 0
L 31.61556034 -16.50799848 32.63156034 -16.50799848 0 P 0
L 31.61556034 -34.49199858 32.63156034 -34.49199858 0 P 0
L 31.61556034 -35.50799858 31.61556034 -34.49199858 0 P 0
L 31.61556034 -35.50799858 32.63156034 -35.50799858 0 P 0
L 31.61556034 -54.49199668 32.63156034 -54.49199668 0 P 0
L 31.61556034 -55.50799668 31.61556034 -54.49199668 0 P 0
L 31.61556034 -55.50799668 32.63156034 -55.50799668 0 P 0
L 31.61556034 -73.49199678 32.63156034 -73.49199678 0 P 0
L 31.61556034 -74.50799678 31.61556034 -73.49199678 0 P 0
L 31.61556034 -74.50799678 32.63156034 -74.50799678 0 P 0
L 31.81876034 -15.69519848 32.42836034 -15.69519848 0 P 0
L 31.81876034 -16.30479848 31.81876034 -15.69519848 0 P 0
L 31.81876034 -16.30479848 32.42836034 -16.30479848 0 P 0
L 31.81876034 -34.69519858 32.42836034 -34.69519858 0 P 0
L 31.81876034 -35.30479858 31.81876034 -34.69519858 0 P 0
L 31.81876034 -35.30479858 32.42836034 -35.30479858 0 P 0
L 31.81876034 -54.69519668 32.42836034 -54.69519668 0 P 0
L 31.81876034 -55.30479668 31.81876034 -54.69519668 0 P 0
L 31.81876034 -55.30479668 32.42836034 -55.30479668 0 P 0
L 31.81876034 -73.69519678 32.42836034 -73.69519678 0 P 0
L 31.81876034 -74.30479678 31.81876034 -73.69519678 0 P 0
L 31.81876034 -74.30479678 32.42836034 -74.30479678 0 P 0
L 32.1155568 -51.74199964 33.1315568 -51.74199964 0 P 0
L 32.1155568 -52.75799964 32.1155568 -51.74199964 0 P 0
L 32.1155568 -52.75799964 33.1315568 -52.75799964 0 P 0
L 32.42836034 -16.30479848 32.42836034 -15.69519848 0 P 0
L 32.42836034 -35.30479858 32.42836034 -34.69519858 0 P 0
L 32.42836034 -55.30479668 32.42836034 -54.69519668 0 P 0
L 32.42836034 -74.30479678 32.42836034 -73.69519678 0 P 0
L 32.63156034 -16.50799848 32.63156034 -15.49199848 0 P 0
L 32.63156034 -35.50799858 32.63156034 -34.49199858 0 P 0
L 32.63156034 -55.50799668 32.63156034 -54.49199668 0 P 0
L 32.63156034 -74.50799678 32.63156034 -73.49199678 0 P 0
L 33.1315568 -52.75799964 33.1315568 -51.74199964 0 P 0
L 36.34055724 -72.39199898 37.35655724 -72.39199898 0 P 0
L 36.34055724 -73.40799898 36.34055724 -72.39199898 0 P 0
L 36.34055724 -73.40799898 37.35655724 -73.40799898 0 P 0
L 36.9920012 -86.99200026 38.0080012 -86.99200026 0 P 0
L 36.9920012 -88.00800026 36.9920012 -86.99200026 0 P 0
L 36.9920012 -88.00800026 38.0080012 -88.00800026 0 P 0
L 37.35655724 -73.40799898 37.35655724 -72.39199898 0 P 0
L 37.94055658 -36.44199976 38.95655658 -36.44199976 0 P 0
L 37.94055658 -37.45799976 37.94055658 -36.44199976 0 P 0
L 37.94055658 -37.45799976 38.95655658 -37.45799976 0 P 0
L 37.99055648 -41.99199882 39.00655648 -41.99199882 0 P 0
L 37.99055648 -43.00799882 37.99055648 -41.99199882 0 P 0
L 37.99055648 -43.00799882 39.00655648 -43.00799882 0 P 0
L 38.0080012 -88.00800026 38.0080012 -86.99200026 0 P 0
L 38.44055812 -68.54199906 39.45655812 -68.54199906 0 P 0
L 38.44055812 -69.55799906 38.44055812 -68.54199906 0 P 0
L 38.44055812 -69.55799906 39.45655812 -69.55799906 0 P 0
L 38.95655658 -37.45799976 38.95655658 -36.44199976 0 P 0
L 39.00655648 -43.00799882 39.00655648 -41.99199882 0 P 0
L 39.45655812 -69.55799906 39.45655812 -68.54199906 0 P 0
L 39.49199874 -6.99200024 40.50799874 -6.99200024 0 P 0
L 39.49199874 -8.00800024 39.49199874 -6.99200024 0 P 0
L 39.49199874 -8.00800024 40.50799874 -8.00800024 0 P 0
L 39.49199874 -14.49200048 40.50799874 -14.49200048 0 P 0
L 39.49199874 -15.50800048 39.49199874 -14.49200048 0 P 0
L 39.49199874 -15.50800048 40.50799874 -15.50800048 0 P 0
L 39.49199874 -31.99200104 40.50799874 -31.99200104 0 P 0
L 39.49199874 -33.00800104 39.49199874 -31.99200104 0 P 0
L 39.49199874 -33.00800104 40.50799874 -33.00800104 0 P 0
L 39.49199874 -56.9919993 40.50799874 -56.9919993 0 P 0
L 39.49199874 -58.0079993 39.49199874 -56.9919993 0 P 0
L 39.49199874 -58.0079993 40.50799874 -58.0079993 0 P 0
L 40.04055746 -45.16699882 41.05655746 -45.16699882 0 P 0
L 40.04055746 -46.18299882 40.04055746 -45.16699882 0 P 0
L 40.04055746 -46.18299882 41.05655746 -46.18299882 0 P 0
L 40.50799874 -8.00800024 40.50799874 -6.99200024 0 P 0
L 40.50799874 -15.50800048 40.50799874 -14.49200048 0 P 0
L 40.50799874 -33.00800104 40.50799874 -31.99200104 0 P 0
L 40.50799874 -58.0079993 40.50799874 -56.9919993 0 P 0
L 41.05655746 -46.18299882 41.05655746 -45.16699882 0 P 0
L 41.99199882 -86.99200026 43.00799882 -86.99200026 0 P 0
L 41.99199882 -88.00800026 41.99199882 -86.99200026 0 P 0
L 41.99199882 -88.00800026 43.00799882 -88.00800026 0 P 0
L 42.69055724 -75.3920006 42.94455724 -75.9000006 0 P 0
L 42.69055724 -75.3920006 43.19855724 -75.6460006 0 P 0
L 42.69055724 -76.4080006 42.94455724 -75.9000006 0 P 0
L 42.69055724 -76.4080006 43.19855724 -76.1540006 0 P 0
L 42.69055724 -81.6460013 42.94455724 -81.6460013 0 P 0
L 42.69055724 -81.6460013 42.94455724 -81.9000013 0 P 0
L 42.69055724 -82.1540013 42.94455724 -81.9000013 0 P 0
L 42.69055724 -82.1540013 42.94455724 -82.1540013 0 P 0
L 42.89375724 -75.5952006 43.04615724 -75.9000006 0 P 0
L 42.89375724 -75.5952006 43.19855724 -75.7476006 0 P 0
L 42.89375724 -76.2048006 43.04615724 -75.9000006 0 P 0
L 42.89375724 -76.2048006 43.19855724 -76.0524006 0 P 0
L 42.89375724 -81.7476013 43.04615724 -81.7476013 0 P 0
L 42.89375724 -81.7476013 43.04615724 -81.9000013 0 P 0
L 42.89375724 -82.0524013 43.04615724 -81.9000013 0 P 0
L 42.89375724 -82.0524013 43.04615724 -82.0524013 0 P 0
L 42.94455724 -81.6460013 43.19855724 -81.3920013 0 P 0
L 42.94455724 -82.1540013 43.19855724 -82.4080013 0 P 0
L 43.00799882 -88.00800026 43.00799882 -86.99200026 0 P 0
L 43.04615724 -81.7476013 43.19855724 -81.5952013 0 P 0
L 43.04615724 -82.0524013 43.19855724 -82.2048013 0 P 0
L 43.19855724 -75.6460006 43.70655724 -75.3920006 0 P 0
L 43.19855724 -75.7476006 43.50335724 -75.5952006 0 P 0
L 43.19855724 -76.0524006 43.50335724 -76.2048006 0 P 0
L 43.19855724 -76.1540006 43.70655724 -76.4080006 0 P 0
L 43.19855724 -81.3920013 43.45255724 -81.6460013 0 P 0
L 43.19855724 -81.5952013 43.35095724 -81.7476013 0 P 0
L 43.19855724 -82.2048013 43.35095724 -82.0524013 0 P 0
L 43.19855724 -82.4080013 43.45255724 -82.1540013 0 P 0
L 43.35095724 -75.9000006 43.50335724 -75.5952006 0 P 0
L 43.35095724 -75.9000006 43.50335724 -76.2048006 0 P 0
L 43.35095724 -81.7476013 43.50335724 -81.7476013 0 P 0
L 43.35095724 -81.9000013 43.50335724 -81.7476013 0 P 0
L 43.35095724 -81.9000013 43.50335724 -82.0524013 0 P 0
L 43.35095724 -82.0524013 43.50335724 -82.0524013 0 P 0
L 43.45255724 -75.9000006 43.70655724 -75.3920006 0 P 0
L 43.45255724 -75.9000006 43.70655724 -76.4080006 0 P 0
L 43.45255724 -81.6460013 43.70655724 -81.6460013 0 P 0
L 43.45255724 -81.9000013 43.70655724 -81.6460013 0 P 0
L 43.45255724 -81.9000013 43.70655724 -82.1540013 0 P 0
L 43.45255724 -82.1540013 43.70655724 -82.1540013 0 P 0
L 43.54055808 -35.44199922 44.55655808 -35.44199922 0 P 0
L 43.54055808 -36.45799922 43.54055808 -35.44199922 0 P 0
L 43.54055808 -36.45799922 44.55655808 -36.45799922 0 P 0
L 43.64055788 -50.56700072 44.65655788 -50.56700072 0 P 0
L 43.64055788 -51.58300072 43.64055788 -50.56700072 0 P 0
L 43.64055788 -51.58300072 44.65655788 -51.58300072 0 P 0
L 44.55655808 -36.45799922 44.55655808 -35.44199922 0 P 0
L 44.65655788 -51.58300072 44.65655788 -50.56700072 0 P 0
L 45.91555714 -29.69200056 46.93155714 -29.69200056 0 P 0
L 45.91555714 -30.70800056 45.91555714 -29.69200056 0 P 0
L 45.91555714 -30.70800056 46.93155714 -30.70800056 0 P 0
L 46.31555634 -33.41699946 47.33155634 -33.41699946 0 P 0
L 46.31555634 -34.43299946 46.31555634 -33.41699946 0 P 0
L 46.31555634 -34.43299946 47.33155634 -34.43299946 0 P 0
L 46.34055756 -34.74200062 47.35655756 -34.74200062 0 P 0
L 46.34055756 -35.75800062 46.34055756 -34.74200062 0 P 0
L 46.34055756 -35.75800062 47.35655756 -35.75800062 0 P 0
L 46.93155714 -30.70800056 46.93155714 -29.69200056 0 P 0
L 47.33155634 -34.43299946 47.33155634 -33.41699946 0 P 0
L 47.35655756 -35.75800062 47.35655756 -34.74200062 0 P 0
L 47.4905578 -78.3710015 47.7445578 -78.3710015 0 P 0
L 47.4905578 -78.3710015 47.7445578 -78.6250015 0 P 0
L 47.4905578 -78.8790015 47.7445578 -78.6250015 0 P 0
L 47.4905578 -78.8790015 47.7445578 -78.8790015 0 P 0
L 47.56555638 -39.14199944 48.58155638 -39.14199944 0 P 0
L 47.56555638 -40.15799944 47.56555638 -39.14199944 0 P 0
L 47.56555638 -40.15799944 48.58155638 -40.15799944 0 P 0
L 47.56555638 -68.71699998 48.58155638 -68.71699998 0 P 0
L 47.56555638 -69.73299998 47.56555638 -68.71699998 0 P 0
L 47.56555638 -69.73299998 48.58155638 -69.73299998 0 P 0
L 47.5905576 -62.81699908 48.6065576 -62.81699908 0 P 0
L 47.5905576 -63.83299908 47.5905576 -62.81699908 0 P 0
L 47.5905576 -63.83299908 48.6065576 -63.83299908 0 P 0
L 47.6937578 -78.4726015 47.8461578 -78.4726015 0 P 0
L 47.6937578 -78.4726015 47.8461578 -78.6250015 0 P 0
L 47.6937578 -78.7774015 47.8461578 -78.6250015 0 P 0
L 47.6937578 -78.7774015 47.8461578 -78.7774015 0 P 0
L 47.7445578 -78.3710015 47.9985578 -78.1170015 0 P 0
L 47.7445578 -78.8790015 47.9985578 -79.1330015 0 P 0
L 47.8461578 -78.4726015 47.9985578 -78.3202015 0 P 0
L 47.8461578 -78.7774015 47.9985578 -78.9298015 0 P 0
L 47.9985578 -78.1170015 48.2525578 -78.3710015 0 P 0
L 47.9985578 -78.3202015 48.1509578 -78.4726015 0 P 0
L 47.9985578 -78.9298015 48.1509578 -78.7774015 0 P 0
L 47.9985578 -79.1330015 48.2525578 -78.8790015 0 P 0
L 48.1509578 -78.4726015 48.3033578 -78.4726015 0 P 0
L 48.1509578 -78.6250015 48.3033578 -78.4726015 0 P 0
L 48.1509578 -78.6250015 48.3033578 -78.7774015 0 P 0
L 48.1509578 -78.7774015 48.3033578 -78.7774015 0 P 0
L 48.2525578 -78.3710015 48.5065578 -78.3710015 0 P 0
L 48.2525578 -78.6250015 48.5065578 -78.3710015 0 P 0
L 48.2525578 -78.6250015 48.5065578 -78.8790015 0 P 0
L 48.2525578 -78.8790015 48.5065578 -78.8790015 0 P 0
L 48.46555712 -28.566999 49.48155712 -28.566999 0 P 0
L 48.46555712 -29.582999 48.46555712 -28.566999 0 P 0
L 48.46555712 -29.582999 49.48155712 -29.582999 0 P 0
L 48.58155638 -40.15799944 48.58155638 -39.14199944 0 P 0
L 48.58155638 -69.73299998 48.58155638 -68.71699998 0 P 0
L 48.6065576 -63.83299908 48.6065576 -62.81699908 0 P 0
L 48.86555632 -39.11700076 49.88155632 -39.11700076 0 P 0
L 48.86555632 -40.13300076 48.86555632 -39.11700076 0 P 0
L 48.86555632 -40.13300076 49.88155632 -40.13300076 0 P 0
L 49.41555776 -45.69199904 50.43155776 -45.69199904 0 P 0
L 49.41555776 -46.70799904 49.41555776 -45.69199904 0 P 0
L 49.41555776 -46.70799904 50.43155776 -46.70799904 0 P 0
L 49.48155712 -29.582999 49.48155712 -28.566999 0 P 0
L 49.49199906 -86.99200026 50.50799906 -86.99200026 0 P 0
L 49.49199906 -88.00800026 49.49199906 -86.99200026 0 P 0
L 49.49199906 -88.00800026 50.50799906 -88.00800026 0 P 0
L 49.88155632 -40.13300076 49.88155632 -39.11700076 0 P 0
L 50.43155776 -46.70799904 50.43155776 -45.69199904 0 P 0
L 50.50799906 -88.00800026 50.50799906 -86.99200026 0 P 0
L 50.74055638 -5.842 51.75655638 -5.842 0 P 0
L 50.74055638 -6.858 50.74055638 -5.842 0 P 0
L 50.74055638 -6.858 51.75655638 -6.858 0 P 0
L 51.75655638 -6.858 51.75655638 -5.842 0 P 0
L 52.19055602 -6.56699982 53.20655602 -6.56699982 0 P 0
L 52.19055602 -7.58299982 52.19055602 -6.56699982 0 P 0
L 52.19055602 -7.58299982 53.20655602 -7.58299982 0 P 0
L 52.61555644 -33.29200098 53.63155644 -33.29200098 0 P 0
L 52.61555644 -34.30800098 52.61555644 -33.29200098 0 P 0
L 52.61555644 -34.30800098 53.63155644 -34.30800098 0 P 0
L 52.69055756 -39.21700056 53.70655756 -39.21700056 0 P 0
L 52.69055756 -40.23300056 52.69055756 -39.21700056 0 P 0
L 52.69055756 -40.23300056 53.70655756 -40.23300056 0 P 0
L 53.20655602 -7.58299982 53.20655602 -6.56699982 0 P 0
L 53.36555748 -7.26700096 54.38155748 -7.26700096 0 P 0
L 53.36555748 -8.28300096 53.36555748 -7.26700096 0 P 0
L 53.36555748 -8.28300096 54.38155748 -8.28300096 0 P 0
L 53.63155644 -34.30800098 53.63155644 -33.29200098 0 P 0
L 53.70655756 -40.23300056 53.70655756 -39.21700056 0 P 0
L 54.01555618 -27.79199928 55.03155618 -27.79199928 0 P 0
L 54.01555618 -28.80799928 54.01555618 -27.79199928 0 P 0
L 54.01555618 -28.80799928 55.03155618 -28.80799928 0 P 0
L 54.38155748 -8.28300096 54.38155748 -7.26700096 0 P 0
L 54.86555702 -8.11699926 55.88155702 -8.11699926 0 P 0
L 54.86555702 -9.13299926 54.86555702 -8.11699926 0 P 0
L 54.86555702 -9.13299926 55.88155702 -9.13299926 0 P 0
L 55.03155618 -28.80799928 55.03155618 -27.79199928 0 P 0
L 55.34055734 -27.7670006 56.35655734 -27.7670006 0 P 0
L 55.34055734 -28.7830006 55.34055734 -27.7670006 0 P 0
L 55.34055734 -28.7830006 56.35655734 -28.7830006 0 P 0
L 55.4280578 -78.4794976 55.9360578 -79.4954976 0 P 0
L 55.4280578 -78.4794976 56.4440578 -78.4794976 0 P 0
L 55.6312578 -78.6826976 55.9360578 -79.2922976 0 P 0
L 55.6312578 -78.6826976 56.2408578 -78.6826976 0 P 0
L 55.88155702 -9.13299926 55.88155702 -8.11699926 0 P 0
L 55.9360578 -79.2922976 56.2408578 -78.6826976 0 P 0
L 55.9360578 -79.4954976 56.4440578 -78.4794976 0 P 0
L 56.34055788 -12.76700012 57.35655788 -12.76700012 0 P 0
L 56.34055788 -13.78300012 56.34055788 -12.76700012 0 P 0
L 56.34055788 -13.78300012 57.35655788 -13.78300012 0 P 0
L 56.35655734 -28.7830006 56.35655734 -27.7670006 0 P 0
L 56.36555656 -16.66699994 57.38155656 -16.66699994 0 P 0
L 56.36555656 -17.68299994 56.36555656 -16.66699994 0 P 0
L 56.36555656 -17.68299994 57.38155656 -17.68299994 0 P 0
L 56.9919993 -54.49199922 58.0079993 -54.49199922 0 P 0
L 56.9919993 -55.50799922 56.9919993 -54.49199922 0 P 0
L 56.9919993 -55.50799922 58.0079993 -55.50799922 0 P 0
L 56.9919993 -86.99200026 58.0079993 -86.99200026 0 P 0
L 56.9919993 -88.00800026 56.9919993 -86.99200026 0 P 0
L 56.9919993 -88.00800026 58.0079993 -88.00800026 0 P 0
L 57.2155574 -39.96699906 58.2315574 -39.96699906 0 P 0
L 57.2155574 -40.98299906 57.2155574 -39.96699906 0 P 0
L 57.2155574 -40.98299906 58.2315574 -40.98299906 0 P 0
L 57.24055608 -48.69200066 58.25655608 -48.69200066 0 P 0
L 57.24055608 -49.70800066 57.24055608 -48.69200066 0 P 0
L 57.24055608 -49.70800066 58.25655608 -49.70800066 0 P 0
L 57.34055842 -43.91699878 58.35655842 -43.91699878 0 P 0
L 57.34055842 -44.93299878 57.34055842 -43.91699878 0 P 0
L 57.34055842 -44.93299878 58.35655842 -44.93299878 0 P 0
L 57.35655788 -13.78300012 57.35655788 -12.76700012 0 P 0
L 57.38155656 -17.68299994 57.38155656 -16.66699994 0 P 0
L 58.0079993 -55.50799922 58.0079993 -54.49199922 0 P 0
L 58.0079993 -88.00800026 58.0079993 -86.99200026 0 P 0
L 58.2315574 -40.98299906 58.2315574 -39.96699906 0 P 0
L 58.25655608 -49.70800066 58.25655608 -48.69200066 0 P 0
L 58.35655842 -44.93299878 58.35655842 -43.91699878 0 P 0
L 58.46555744 -35.24199962 59.48155744 -35.24199962 0 P 0
L 58.46555744 -36.25799962 58.46555744 -35.24199962 0 P 0
L 58.46555744 -36.25799962 59.48155744 -36.25799962 0 P 0
L 59.48155744 -36.25799962 59.48155744 -35.24199962 0 P 0
L 59.49199938 -4.49200016 60.50799938 -4.49200016 0 P 0
L 59.49199938 -5.50800016 59.49199938 -4.49200016 0 P 0
L 59.49199938 -5.50800016 60.50799938 -5.50800016 0 P 0
L 60.50799938 -5.50800016 60.50799938 -4.49200016 0 P 0
L 61.09055854 -36.9920012 62.10655854 -36.9920012 0 P 0
L 61.09055854 -38.0080012 61.09055854 -36.9920012 0 P 0
L 61.09055854 -38.0080012 62.10655854 -38.0080012 0 P 0
L 61.89055694 -24.7920002 62.90655694 -24.7920002 0 P 0
L 61.89055694 -25.8080002 61.89055694 -24.7920002 0 P 0
L 61.89055694 -25.8080002 62.90655694 -25.8080002 0 P 0
L 61.99199946 -9.49200032 63.00799946 -9.49200032 0 P 0
L 61.99199946 -10.50800032 61.99199946 -9.49200032 0 P 0
L 61.99199946 -10.50800032 63.00799946 -10.50800032 0 P 0
L 61.99199946 -86.99200026 63.00799946 -86.99200026 0 P 0
L 61.99199946 -88.00800026 61.99199946 -86.99200026 0 P 0
L 61.99199946 -88.00800026 63.00799946 -88.00800026 0 P 0
L 62.10655854 -38.0080012 62.10655854 -36.9920012 0 P 0
L 62.90655694 -25.8080002 62.90655694 -24.7920002 0 P 0
L 63.00799946 -10.50800032 63.00799946 -9.49200032 0 P 0
L 63.00799946 -88.00800026 63.00799946 -86.99200026 0 P 0
L 64.74055632 -44.21700072 65.75655632 -44.21700072 0 P 0
L 64.74055632 -45.23300072 64.74055632 -44.21700072 0 P 0
L 64.74055632 -45.23300072 65.75655632 -45.23300072 0 P 0
L 65.75655632 -45.23300072 65.75655632 -44.21700072 0 P 0
L 66.99199962 -4.49200016 68.00799962 -4.49200016 0 P 0
L 66.99199962 -5.50800016 66.99199962 -4.49200016 0 P 0
L 66.99199962 -5.50800016 68.00799962 -5.50800016 0 P 0
L 66.99199962 -29.49200096 68.00799962 -29.49200096 0 P 0
L 66.99199962 -30.50800096 66.99199962 -29.49200096 0 P 0
L 66.99199962 -30.50800096 68.00799962 -30.50800096 0 P 0
L 67.55305768 -78.5294975 68.06105768 -79.5454975 0 P 0
L 67.55305768 -78.5294975 68.56905768 -78.5294975 0 P 0
L 67.61555692 -70.76700096 68.63155692 -70.76700096 0 P 0
L 67.61555692 -71.78300096 67.61555692 -70.76700096 0 P 0
L 67.61555692 -71.78300096 68.63155692 -71.78300096 0 P 0
L 67.75625768 -78.7326975 68.06105768 -79.3422975 0 P 0
L 67.75625768 -78.7326975 68.36585768 -78.7326975 0 P 0
L 68.00799962 -5.50800016 68.00799962 -4.49200016 0 P 0
L 68.00799962 -30.50800096 68.00799962 -29.49200096 0 P 0
L 68.06105768 -79.3422975 68.36585768 -78.7326975 0 P 0
L 68.06105768 -79.5454975 68.56905768 -78.5294975 0 P 0
L 68.63155692 -71.78300096 68.63155692 -70.76700096 0 P 0
L 69.4919997 -9.49200032 70.5079997 -9.49200032 0 P 0
L 69.4919997 -10.50800032 69.4919997 -9.49200032 0 P 0
L 69.4919997 -10.50800032 70.5079997 -10.50800032 0 P 0
L 69.4919997 -24.4920008 70.5079997 -24.4920008 0 P 0
L 69.4919997 -25.5080008 69.4919997 -24.4920008 0 P 0
L 69.4919997 -25.5080008 70.5079997 -25.5080008 0 P 0
L 69.4919997 -34.49200112 70.5079997 -34.49200112 0 P 0
L 69.4919997 -35.50800112 69.4919997 -34.49200112 0 P 0
L 69.4919997 -35.50800112 70.5079997 -35.50800112 0 P 0
L 69.4919997 -41.99199882 70.5079997 -41.99199882 0 P 0
L 69.4919997 -43.00799882 69.4919997 -41.99199882 0 P 0
L 69.4919997 -43.00799882 70.5079997 -43.00799882 0 P 0
L 69.4919997 -86.99200026 70.5079997 -86.99200026 0 P 0
L 69.4919997 -88.00800026 69.4919997 -86.99200026 0 P 0
L 69.4919997 -88.00800026 70.5079997 -88.00800026 0 P 0
L 70.5079997 -10.50800032 70.5079997 -9.49200032 0 P 0
L 70.5079997 -25.5080008 70.5079997 -24.4920008 0 P 0
L 70.5079997 -35.50800112 70.5079997 -34.49200112 0 P 0
L 70.5079997 -43.00799882 70.5079997 -41.99199882 0 P 0
L 70.5079997 -88.00800026 70.5079997 -86.99200026 0 P 0
L 71.26555724 -0.44200064 72.28155724 -0.44200064 0 P 0
L 71.26555724 -1.45800064 71.26555724 -0.44200064 0 P 0
L 71.26555724 -1.45800064 72.28155724 -1.45800064 0 P 0
L 71.99199978 -49.49199906 73.00799978 -49.49199906 0 P 0
L 71.99199978 -50.50799906 71.99199978 -49.49199906 0 P 0
L 71.99199978 -50.50799906 73.00799978 -50.50799906 0 P 0
L 71.99199978 -59.49199938 73.00799978 -59.49199938 0 P 0
L 71.99199978 -60.50799938 71.99199978 -59.49199938 0 P 0
L 71.99199978 -60.50799938 73.00799978 -60.50799938 0 P 0
L 71.99199978 -69.4919997 73.00799978 -69.4919997 0 P 0
L 71.99199978 -70.5079997 71.99199978 -69.4919997 0 P 0
L 71.99199978 -70.5079997 73.00799978 -70.5079997 0 P 0
L 71.99199978 -79.49200002 73.00799978 -79.49200002 0 P 0
L 71.99199978 -80.50800002 71.99199978 -79.49200002 0 P 0
L 71.99199978 -80.50800002 73.00799978 -80.50800002 0 P 0
L 72.28155724 -1.45800064 72.28155724 -0.44200064 0 P 0
L 73.00799978 -50.50799906 73.00799978 -49.49199906 0 P 0
L 73.00799978 -60.50799938 73.00799978 -59.49199938 0 P 0
L 73.00799978 -70.5079997 73.00799978 -69.4919997 0 P 0
L 73.00799978 -80.50800002 73.00799978 -79.49200002 0 P 0
L 74.49199986 -4.49200016 75.50799986 -4.49200016 0 P 0
L 74.49199986 -5.50800016 74.49199986 -4.49200016 0 P 0
L 74.49199986 -5.50800016 75.50799986 -5.50800016 0 P 0
L 75.50799986 -5.50800016 75.50799986 -4.49200016 0 P 0
L 76.99199994 -1.99200008 78.00799994 -1.99200008 0 P 0
L 76.99199994 -3.00800008 76.99199994 -1.99200008 0 P 0
L 76.99199994 -3.00800008 78.00799994 -3.00800008 0 P 0
L 76.99199994 -86.99200026 78.00799994 -86.99200026 0 P 0
L 76.99199994 -88.00800026 76.99199994 -86.99200026 0 P 0
L 76.99199994 -88.00800026 78.00799994 -88.00800026 0 P 0
L 77.3655552 -15.49200356 78.3815552 -15.49200356 0 P 0
L 77.3655552 -16.50800356 77.3655552 -15.49200356 0 P 0
L 77.3655552 -16.50800356 78.3815552 -16.50800356 0 P 0
L 77.3655552 -34.49200366 78.3815552 -34.49200366 0 P 0
L 77.3655552 -35.50800366 77.3655552 -34.49200366 0 P 0
L 77.3655552 -35.50800366 78.3815552 -35.50800366 0 P 0
L 77.3655552 -54.49200176 78.3815552 -54.49200176 0 P 0
L 77.3655552 -55.50800176 77.3655552 -54.49200176 0 P 0
L 77.3655552 -55.50800176 78.3815552 -55.50800176 0 P 0
L 77.3655552 -73.49200186 78.3815552 -73.49200186 0 P 0
L 77.3655552 -74.50800186 77.3655552 -73.49200186 0 P 0
L 77.3655552 -74.50800186 78.3815552 -74.50800186 0 P 0
L 77.5687552 -15.69520356 78.1783552 -15.69520356 0 P 0
L 77.5687552 -16.30480356 77.5687552 -15.69520356 0 P 0
L 77.5687552 -16.30480356 78.1783552 -16.30480356 0 P 0
L 77.5687552 -34.69520366 78.1783552 -34.69520366 0 P 0
L 77.5687552 -35.30480366 77.5687552 -34.69520366 0 P 0
L 77.5687552 -35.30480366 78.1783552 -35.30480366 0 P 0
L 77.5687552 -54.69520176 78.1783552 -54.69520176 0 P 0
L 77.5687552 -55.30480176 77.5687552 -54.69520176 0 P 0
L 77.5687552 -55.30480176 78.1783552 -55.30480176 0 P 0
L 77.5687552 -73.69520186 78.1783552 -73.69520186 0 P 0
L 77.5687552 -74.30480186 77.5687552 -73.69520186 0 P 0
L 77.5687552 -74.30480186 78.1783552 -74.30480186 0 P 0
L 78.00799994 -3.00800008 78.00799994 -1.99200008 0 P 0
L 78.00799994 -88.00800026 78.00799994 -86.99200026 0 P 0
L 78.1783552 -16.30480356 78.1783552 -15.69520356 0 P 0
L 78.1783552 -35.30480366 78.1783552 -34.69520366 0 P 0
L 78.1783552 -55.30480176 78.1783552 -54.69520176 0 P 0
L 78.1783552 -74.30480186 78.1783552 -73.69520186 0 P 0
L 78.3815552 -16.50800356 78.3815552 -15.49200356 0 P 0
L 78.3815552 -35.50800366 78.3815552 -34.49200366 0 P 0
L 78.3815552 -55.50800176 78.3815552 -54.49200176 0 P 0
L 78.3815552 -74.50800186 78.3815552 -73.49200186 0 P 0
L 79.36555628 -9.49200286 80.38155628 -9.49200286 0 P 0
L 79.36555628 -10.50800286 79.36555628 -9.49200286 0 P 0
L 79.36555628 -10.50800286 80.38155628 -10.50800286 0 P 0
L 79.36555628 -21.49200426 80.38155628 -21.49200426 0 P 0
L 79.36555628 -22.50800426 79.36555628 -21.49200426 0 P 0
L 79.36555628 -22.50800426 80.38155628 -22.50800426 0 P 0
L 79.36555628 -28.49200296 80.38155628 -28.49200296 0 P 0
L 79.36555628 -29.50800296 79.36555628 -28.49200296 0 P 0
L 79.36555628 -29.50800296 80.38155628 -29.50800296 0 P 0
L 79.36555628 -40.49200436 80.38155628 -40.49200436 0 P 0
L 79.36555628 -41.50800436 79.36555628 -40.49200436 0 P 0
L 79.36555628 -41.50800436 80.38155628 -41.50800436 0 P 0
L 79.36555628 -48.49200106 80.38155628 -48.49200106 0 P 0
L 79.36555628 -49.50800106 79.36555628 -48.49200106 0 P 0
L 79.36555628 -49.50800106 80.38155628 -49.50800106 0 P 0
L 79.36555628 -60.49200246 80.38155628 -60.49200246 0 P 0
L 79.36555628 -61.50800246 79.36555628 -60.49200246 0 P 0
L 79.36555628 -61.50800246 80.38155628 -61.50800246 0 P 0
L 79.36555628 -67.49200116 80.38155628 -67.49200116 0 P 0
L 79.36555628 -68.50800116 79.36555628 -67.49200116 0 P 0
L 79.36555628 -68.50800116 80.38155628 -68.50800116 0 P 0
L 79.36555628 -79.49200256 80.38155628 -79.49200256 0 P 0
L 79.36555628 -80.50800256 79.36555628 -79.49200256 0 P 0
L 79.36555628 -80.50800256 80.38155628 -80.50800256 0 P 0
L 79.56875628 -9.69520286 80.17835628 -9.69520286 0 P 0
L 79.56875628 -10.30480286 79.56875628 -9.69520286 0 P 0
L 79.56875628 -10.30480286 80.17835628 -10.30480286 0 P 0
L 79.56875628 -21.69520426 80.17835628 -21.69520426 0 P 0
L 79.56875628 -22.30480426 79.56875628 -21.69520426 0 P 0
L 79.56875628 -22.30480426 80.17835628 -22.30480426 0 P 0
L 79.56875628 -28.69520296 80.17835628 -28.69520296 0 P 0
L 79.56875628 -29.30480296 79.56875628 -28.69520296 0 P 0
L 79.56875628 -29.30480296 80.17835628 -29.30480296 0 P 0
L 79.56875628 -40.69520436 80.17835628 -40.69520436 0 P 0
L 79.56875628 -41.30480436 79.56875628 -40.69520436 0 P 0
L 79.56875628 -41.30480436 80.17835628 -41.30480436 0 P 0
L 79.56875628 -48.69520106 80.17835628 -48.69520106 0 P 0
L 79.56875628 -49.30480106 79.56875628 -48.69520106 0 P 0
L 79.56875628 -49.30480106 80.17835628 -49.30480106 0 P 0
L 79.56875628 -60.69520246 80.17835628 -60.69520246 0 P 0
L 79.56875628 -61.30480246 79.56875628 -60.69520246 0 P 0
L 79.56875628 -61.30480246 80.17835628 -61.30480246 0 P 0
L 79.56875628 -67.69520116 80.17835628 -67.69520116 0 P 0
L 79.56875628 -68.30480116 79.56875628 -67.69520116 0 P 0
L 79.56875628 -68.30480116 80.17835628 -68.30480116 0 P 0
L 79.56875628 -79.69520256 80.17835628 -79.69520256 0 P 0
L 79.56875628 -80.30480256 79.56875628 -79.69520256 0 P 0
L 79.56875628 -80.30480256 80.17835628 -80.30480256 0 P 0
L 80.17835628 -10.30480286 80.17835628 -9.69520286 0 P 0
L 80.17835628 -22.30480426 80.17835628 -21.69520426 0 P 0
L 80.17835628 -29.30480296 80.17835628 -28.69520296 0 P 0
L 80.17835628 -41.30480436 80.17835628 -40.69520436 0 P 0
L 80.17835628 -49.30480106 80.17835628 -48.69520106 0 P 0
L 80.17835628 -61.30480246 80.17835628 -60.69520246 0 P 0
L 80.17835628 -68.30480116 80.17835628 -67.69520116 0 P 0
L 80.17835628 -80.30480256 80.17835628 -79.69520256 0 P 0
L 80.38155628 -10.50800286 80.38155628 -9.49200286 0 P 0
L 80.38155628 -22.50800426 80.38155628 -21.49200426 0 P 0
L 80.38155628 -29.50800296 80.38155628 -28.49200296 0 P 0
L 80.38155628 -41.50800436 80.38155628 -40.49200436 0 P 0
L 80.38155628 -49.50800106 80.38155628 -48.49200106 0 P 0
L 80.38155628 -61.50800246 80.38155628 -60.49200246 0 P 0
L 80.38155628 -68.50800116 80.38155628 -67.49200116 0 P 0
L 80.38155628 -80.50800256 80.38155628 -79.49200256 0 P 0
L 84.49200018 -1.99200008 85.50800018 -1.99200008 0 P 0
L 84.49200018 -3.00800008 84.49200018 -1.99200008 0 P 0
L 84.49200018 -3.00800008 85.50800018 -3.00800008 0 P 0
L 84.49200018 -86.99200026 85.50800018 -86.99200026 0 P 0
L 84.49200018 -88.00800026 84.49200018 -86.99200026 0 P 0
L 84.49200018 -88.00800026 85.50800018 -88.00800026 0 P 0
L 85.50800018 -3.00800008 85.50800018 -1.99200008 0 P 0
L 85.50800018 -88.00800026 85.50800018 -86.99200026 0 P 0
L 91.61555464 -9.49200286 92.63155464 -9.49200286 0 P 0
L 91.61555464 -10.50800286 91.61555464 -9.49200286 0 P 0
L 91.61555464 -10.50800286 92.63155464 -10.50800286 0 P 0
L 91.61555464 -21.49200426 92.63155464 -21.49200426 0 P 0
L 91.61555464 -22.50800426 91.61555464 -21.49200426 0 P 0
L 91.61555464 -22.50800426 92.63155464 -22.50800426 0 P 0
L 91.61555464 -28.49200296 92.63155464 -28.49200296 0 P 0
L 91.61555464 -29.50800296 91.61555464 -28.49200296 0 P 0
L 91.61555464 -29.50800296 92.63155464 -29.50800296 0 P 0
L 91.61555464 -40.49200436 92.63155464 -40.49200436 0 P 0
L 91.61555464 -41.50800436 91.61555464 -40.49200436 0 P 0
L 91.61555464 -41.50800436 92.63155464 -41.50800436 0 P 0
L 91.61555464 -48.49200106 92.63155464 -48.49200106 0 P 0
L 91.61555464 -49.50800106 91.61555464 -48.49200106 0 P 0
L 91.61555464 -49.50800106 92.63155464 -49.50800106 0 P 0
L 91.61555464 -60.49200246 92.63155464 -60.49200246 0 P 0
L 91.61555464 -61.50800246 91.61555464 -60.49200246 0 P 0
L 91.61555464 -61.50800246 92.63155464 -61.50800246 0 P 0
L 91.61555464 -67.49200116 92.63155464 -67.49200116 0 P 0
L 91.61555464 -68.50800116 91.61555464 -67.49200116 0 P 0
L 91.61555464 -68.50800116 92.63155464 -68.50800116 0 P 0
L 91.61555464 -79.49200256 92.63155464 -79.49200256 0 P 0
L 91.61555464 -80.50800256 91.61555464 -79.49200256 0 P 0
L 91.61555464 -80.50800256 92.63155464 -80.50800256 0 P 0
L 91.81875464 -9.69520286 92.42835464 -9.69520286 0 P 0
L 91.81875464 -10.30480286 91.81875464 -9.69520286 0 P 0
L 91.81875464 -10.30480286 92.42835464 -10.30480286 0 P 0
L 91.81875464 -21.69520426 92.42835464 -21.69520426 0 P 0
L 91.81875464 -22.30480426 91.81875464 -21.69520426 0 P 0
L 91.81875464 -22.30480426 92.42835464 -22.30480426 0 P 0
L 91.81875464 -28.69520296 92.42835464 -28.69520296 0 P 0
L 91.81875464 -29.30480296 91.81875464 -28.69520296 0 P 0
L 91.81875464 -29.30480296 92.42835464 -29.30480296 0 P 0
L 91.81875464 -40.69520436 92.42835464 -40.69520436 0 P 0
L 91.81875464 -41.30480436 91.81875464 -40.69520436 0 P 0
L 91.81875464 -41.30480436 92.42835464 -41.30480436 0 P 0
L 91.81875464 -48.69520106 92.42835464 -48.69520106 0 P 0
L 91.81875464 -49.30480106 91.81875464 -48.69520106 0 P 0
L 91.81875464 -49.30480106 92.42835464 -49.30480106 0 P 0
L 91.81875464 -60.69520246 92.42835464 -60.69520246 0 P 0
L 91.81875464 -61.30480246 91.81875464 -60.69520246 0 P 0
L 91.81875464 -61.30480246 92.42835464 -61.30480246 0 P 0
L 91.81875464 -67.69520116 92.42835464 -67.69520116 0 P 0
L 91.81875464 -68.30480116 91.81875464 -67.69520116 0 P 0
L 91.81875464 -68.30480116 92.42835464 -68.30480116 0 P 0
L 91.81875464 -79.69520256 92.42835464 -79.69520256 0 P 0
L 91.81875464 -80.30480256 91.81875464 -79.69520256 0 P 0
L 91.81875464 -80.30480256 92.42835464 -80.30480256 0 P 0
L 91.99200042 -1.99200008 93.00800042 -1.99200008 0 P 0
L 91.99200042 -3.00800008 91.99200042 -1.99200008 0 P 0
L 91.99200042 -3.00800008 93.00800042 -3.00800008 0 P 0
L 91.99200042 -86.99200026 93.00800042 -86.99200026 0 P 0
L 91.99200042 -88.00800026 91.99200042 -86.99200026 0 P 0
L 91.99200042 -88.00800026 93.00800042 -88.00800026 0 P 0
L 92.42835464 -10.30480286 92.42835464 -9.69520286 0 P 0
L 92.42835464 -22.30480426 92.42835464 -21.69520426 0 P 0
L 92.42835464 -29.30480296 92.42835464 -28.69520296 0 P 0
L 92.42835464 -41.30480436 92.42835464 -40.69520436 0 P 0
L 92.42835464 -49.30480106 92.42835464 -48.69520106 0 P 0
L 92.42835464 -61.30480246 92.42835464 -60.69520246 0 P 0
L 92.42835464 -68.30480116 92.42835464 -67.69520116 0 P 0
L 92.42835464 -80.30480256 92.42835464 -79.69520256 0 P 0
L 92.63155464 -10.50800286 92.63155464 -9.49200286 0 P 0
L 92.63155464 -22.50800426 92.63155464 -21.49200426 0 P 0
L 92.63155464 -29.50800296 92.63155464 -28.49200296 0 P 0
L 92.63155464 -41.50800436 92.63155464 -40.49200436 0 P 0
L 92.63155464 -49.50800106 92.63155464 -48.49200106 0 P 0
L 92.63155464 -61.50800246 92.63155464 -60.49200246 0 P 0
L 92.63155464 -68.50800116 92.63155464 -67.49200116 0 P 0
L 92.63155464 -80.50800256 92.63155464 -79.49200256 0 P 0
L 93.00800042 -3.00800008 93.00800042 -1.99200008 0 P 0
L 93.00800042 -88.00800026 93.00800042 -86.99200026 0 P 0
L 96.99200058 -6.99200024 98.00800058 -6.99200024 0 P 0
L 96.99200058 -8.00800024 96.99200058 -6.99200024 0 P 0
L 96.99200058 -8.00800024 98.00800058 -8.00800024 0 P 0
L 96.99200058 -14.49200048 98.00800058 -14.49200048 0 P 0
L 96.99200058 -15.50800048 96.99200058 -14.49200048 0 P 0
L 96.99200058 -15.50800048 98.00800058 -15.50800048 0 P 0
L 96.99200058 -19.49200064 98.00800058 -19.49200064 0 P 0
L 96.99200058 -20.50800064 96.99200058 -19.49200064 0 P 0
L 96.99200058 -20.50800064 98.00800058 -20.50800064 0 P 0
L 96.99200058 -26.99200088 98.00800058 -26.99200088 0 P 0
L 96.99200058 -28.00800088 96.99200058 -26.99200088 0 P 0
L 96.99200058 -28.00800088 98.00800058 -28.00800088 0 P 0
L 96.99200058 -31.99200104 98.00800058 -31.99200104 0 P 0
L 96.99200058 -33.00800104 96.99200058 -31.99200104 0 P 0
L 96.99200058 -33.00800104 98.00800058 -33.00800104 0 P 0
L 96.99200058 -36.9920012 98.00800058 -36.9920012 0 P 0
L 96.99200058 -38.0080012 96.99200058 -36.9920012 0 P 0
L 96.99200058 -38.0080012 98.00800058 -38.0080012 0 P 0
L 96.99200058 -46.99199898 98.00800058 -46.99199898 0 P 0
L 96.99200058 -48.00799898 96.99200058 -46.99199898 0 P 0
L 96.99200058 -48.00799898 98.00800058 -48.00799898 0 P 0
L 96.99200058 -51.99199914 98.00800058 -51.99199914 0 P 0
L 96.99200058 -53.00799914 96.99200058 -51.99199914 0 P 0
L 96.99200058 -53.00799914 98.00800058 -53.00799914 0 P 0
L 96.99200058 -56.9919993 98.00800058 -56.9919993 0 P 0
L 96.99200058 -58.0079993 96.99200058 -56.9919993 0 P 0
L 96.99200058 -58.0079993 98.00800058 -58.0079993 0 P 0
L 96.99200058 -64.49199954 98.00800058 -64.49199954 0 P 0
L 96.99200058 -65.50799954 96.99200058 -64.49199954 0 P 0
L 96.99200058 -65.50799954 98.00800058 -65.50799954 0 P 0
L 96.99200058 -71.99199978 98.00800058 -71.99199978 0 P 0
L 96.99200058 -73.00799978 96.99200058 -71.99199978 0 P 0
L 96.99200058 -73.00799978 98.00800058 -73.00799978 0 P 0
L 96.99200058 -76.99199994 98.00800058 -76.99199994 0 P 0
L 96.99200058 -78.00799994 96.99200058 -76.99199994 0 P 0
L 96.99200058 -78.00799994 98.00800058 -78.00799994 0 P 0
L 96.99200058 -81.9920001 98.00800058 -81.9920001 0 P 0
L 96.99200058 -83.0080001 96.99200058 -81.9920001 0 P 0
L 96.99200058 -83.0080001 98.00800058 -83.0080001 0 P 0
L 98.00800058 -8.00800024 98.00800058 -6.99200024 0 P 0
L 98.00800058 -15.50800048 98.00800058 -14.49200048 0 P 0
L 98.00800058 -20.50800064 98.00800058 -19.49200064 0 P 0
L 98.00800058 -28.00800088 98.00800058 -26.99200088 0 P 0
L 98.00800058 -33.00800104 98.00800058 -31.99200104 0 P 0
L 98.00800058 -38.0080012 98.00800058 -36.9920012 0 P 0
L 98.00800058 -48.00799898 98.00800058 -46.99199898 0 P 0
L 98.00800058 -53.00799914 98.00800058 -51.99199914 0 P 0
L 98.00800058 -58.0079993 98.00800058 -56.9919993 0 P 0
L 98.00800058 -65.50799954 98.00800058 -64.49199954 0 P 0
L 98.00800058 -73.00799978 98.00800058 -71.99199978 0 P 0
L 98.00800058 -78.00799994 98.00800058 -76.99199994 0 P 0
L 98.00800058 -83.0080001 98.00800058 -81.9920001 0 P 0
L 99.49200066 -1.99200008 100.50800066 -1.99200008 0 P 0
L 99.49200066 -3.00800008 99.49200066 -1.99200008 0 P 0
L 99.49200066 -3.00800008 100.50800066 -3.00800008 0 P 0
L 99.49200066 -86.99200026 100.50800066 -86.99200026 0 P 0
L 99.49200066 -88.00800026 99.49200066 -86.99200026 0 P 0
L 99.49200066 -88.00800026 100.50800066 -88.00800026 0 P 0
L 100.50800066 -3.00800008 100.50800066 -1.99200008 0 P 0
L 100.50800066 -88.00800026 100.50800066 -86.99200026 0 P 0
L 104.4905581 -5.00000016 104.9985581 -4.49200016 0 P 0
L 104.4905581 -5.00000016 104.9985581 -5.50800016 0 P 0
L 104.4905581 -10.74600086 104.7445581 -10.74600086 0 P 0
L 104.4905581 -11.25400086 104.4905581 -10.74600086 0 P 0
L 104.4905581 -11.25400086 104.7445581 -11.25400086 0 P 0
L 104.4905581 -15.74600102 104.7445581 -15.74600102 0 P 0
L 104.4905581 -16.25400102 104.4905581 -15.74600102 0 P 0
L 104.4905581 -16.25400102 104.7445581 -16.25400102 0 P 0
L 104.4905581 -20.74600118 104.7445581 -20.74600118 0 P 0
L 104.4905581 -21.25400118 104.4905581 -20.74600118 0 P 0
L 104.4905581 -21.25400118 104.7445581 -21.25400118 0 P 0
L 104.4905581 -29.74599842 104.7445581 -29.74599842 0 P 0
L 104.4905581 -30.25399842 104.4905581 -29.74599842 0 P 0
L 104.4905581 -30.25399842 104.7445581 -30.25399842 0 P 0
L 104.4905581 -34.74599858 104.7445581 -34.74599858 0 P 0
L 104.4905581 -35.25399858 104.4905581 -34.74599858 0 P 0
L 104.4905581 -35.25399858 104.7445581 -35.25399858 0 P 0
L 104.4905581 -39.74599874 104.7445581 -39.74599874 0 P 0
L 104.4905581 -40.25399874 104.4905581 -39.74599874 0 P 0
L 104.4905581 -40.25399874 104.7445581 -40.25399874 0 P 0
L 104.4905581 -49.74599906 104.7445581 -49.74599906 0 P 0
L 104.4905581 -50.25399906 104.4905581 -49.74599906 0 P 0
L 104.4905581 -50.25399906 104.7445581 -50.25399906 0 P 0
L 104.4905581 -54.74599922 104.7445581 -54.74599922 0 P 0
L 104.4905581 -55.25399922 104.4905581 -54.74599922 0 P 0
L 104.4905581 -55.25399922 104.7445581 -55.25399922 0 P 0
L 104.4905581 -59.74599938 104.7445581 -59.74599938 0 P 0
L 104.4905581 -60.25399938 104.4905581 -59.74599938 0 P 0
L 104.4905581 -60.25399938 104.7445581 -60.25399938 0 P 0
L 104.4905581 -68.74599916 104.7445581 -68.74599916 0 P 0
L 104.4905581 -69.25399916 104.4905581 -68.74599916 0 P 0
L 104.4905581 -69.25399916 104.7445581 -69.25399916 0 P 0
L 104.4905581 -73.74599932 104.7445581 -73.74599932 0 P 0
L 104.4905581 -74.25399932 104.4905581 -73.74599932 0 P 0
L 104.4905581 -74.25399932 104.7445581 -74.25399932 0 P 0
L 104.4905581 -78.74599948 104.7445581 -78.74599948 0 P 0
L 104.4905581 -79.25399948 104.4905581 -78.74599948 0 P 0
L 104.4905581 -79.25399948 104.7445581 -79.25399948 0 P 0
L 104.4905581 -85.00000018 104.9985581 -84.49200018 0 P 0
L 104.4905581 -85.00000018 104.9985581 -85.50800018 0 P 0
L 104.6937581 -10.84760086 104.8461581 -10.84760086 0 P 0
L 104.6937581 -11.15240086 104.6937581 -10.84760086 0 P 0
L 104.6937581 -11.15240086 104.8461581 -11.15240086 0 P 0
L 104.6937581 -15.84760102 104.8461581 -15.84760102 0 P 0
L 104.6937581 -16.15240102 104.6937581 -15.84760102 0 P 0
L 104.6937581 -16.15240102 104.8461581 -16.15240102 0 P 0
L 104.6937581 -20.84760118 104.8461581 -20.84760118 0 P 0
L 104.6937581 -21.15240118 104.6937581 -20.84760118 0 P 0
L 104.6937581 -21.15240118 104.8461581 -21.15240118 0 P 0
L 104.6937581 -29.84759842 104.8461581 -29.84759842 0 P 0
L 104.6937581 -30.15239842 104.6937581 -29.84759842 0 P 0
L 104.6937581 -30.15239842 104.8461581 -30.15239842 0 P 0
L 104.6937581 -34.84759858 104.8461581 -34.84759858 0 P 0
L 104.6937581 -35.15239858 104.6937581 -34.84759858 0 P 0
L 104.6937581 -35.15239858 104.8461581 -35.15239858 0 P 0
L 104.6937581 -39.84759874 104.8461581 -39.84759874 0 P 0
L 104.6937581 -40.15239874 104.6937581 -39.84759874 0 P 0
L 104.6937581 -40.15239874 104.8461581 -40.15239874 0 P 0
L 104.6937581 -49.84759906 104.8461581 -49.84759906 0 P 0
L 104.6937581 -50.15239906 104.6937581 -49.84759906 0 P 0
L 104.6937581 -50.15239906 104.8461581 -50.15239906 0 P 0
L 104.6937581 -54.84759922 104.8461581 -54.84759922 0 P 0
L 104.6937581 -55.15239922 104.6937581 -54.84759922 0 P 0
L 104.6937581 -55.15239922 104.8461581 -55.15239922 0 P 0
L 104.6937581 -59.84759938 104.8461581 -59.84759938 0 P 0
L 104.6937581 -60.15239938 104.6937581 -59.84759938 0 P 0
L 104.6937581 -60.15239938 104.8461581 -60.15239938 0 P 0
L 104.6937581 -68.84759916 104.8461581 -68.84759916 0 P 0
L 104.6937581 -69.15239916 104.6937581 -68.84759916 0 P 0
L 104.6937581 -69.15239916 104.8461581 -69.15239916 0 P 0
L 104.6937581 -73.84759932 104.8461581 -73.84759932 0 P 0
L 104.6937581 -74.15239932 104.6937581 -73.84759932 0 P 0
L 104.6937581 -74.15239932 104.8461581 -74.15239932 0 P 0
L 104.6937581 -78.84759948 104.8461581 -78.84759948 0 P 0
L 104.6937581 -79.15239948 104.6937581 -78.84759948 0 P 0
L 104.6937581 -79.15239948 104.8461581 -79.15239948 0 P 0
L 104.7445581 -10.49200086 105.2525581 -10.49200086 0 P 0
L 104.7445581 -10.74600086 104.7445581 -10.49200086 0 P 0
L 104.7445581 -11.50800086 104.7445581 -11.25400086 0 P 0
L 104.7445581 -11.50800086 105.2525581 -11.50800086 0 P 0
L 104.7445581 -15.49200102 105.2525581 -15.49200102 0 P 0
L 104.7445581 -15.74600102 104.7445581 -15.49200102 0 P 0
L 104.7445581 -16.50800102 104.7445581 -16.25400102 0 P 0
L 104.7445581 -16.50800102 105.2525581 -16.50800102 0 P 0
L 104.7445581 -20.49200118 105.2525581 -20.49200118 0 P 0
L 104.7445581 -20.74600118 104.7445581 -20.49200118 0 P 0
L 104.7445581 -21.50800118 104.7445581 -21.25400118 0 P 0
L 104.7445581 -21.50800118 105.2525581 -21.50800118 0 P 0
L 104.7445581 -29.49199842 105.2525581 -29.49199842 0 P 0
L 104.7445581 -29.74599842 104.7445581 -29.49199842 0 P 0
L 104.7445581 -30.50799842 104.7445581 -30.25399842 0 P 0
L 104.7445581 -30.50799842 105.2525581 -30.50799842 0 P 0
L 104.7445581 -34.49199858 105.2525581 -34.49199858 0 P 0
L 104.7445581 -34.74599858 104.7445581 -34.49199858 0 P 0
L 104.7445581 -35.50799858 104.7445581 -35.25399858 0 P 0
L 104.7445581 -35.50799858 105.2525581 -35.50799858 0 P 0
L 104.7445581 -39.49199874 105.2525581 -39.49199874 0 P 0
L 104.7445581 -39.74599874 104.7445581 -39.49199874 0 P 0
L 104.7445581 -40.50799874 104.7445581 -40.25399874 0 P 0
L 104.7445581 -40.50799874 105.2525581 -40.50799874 0 P 0
L 104.7445581 -49.49199906 105.2525581 -49.49199906 0 P 0
L 104.7445581 -49.74599906 104.7445581 -49.49199906 0 P 0
L 104.7445581 -50.50799906 104.7445581 -50.25399906 0 P 0
L 104.7445581 -50.50799906 105.2525581 -50.50799906 0 P 0
L 104.7445581 -54.49199922 105.2525581 -54.49199922 0 P 0
L 104.7445581 -54.74599922 104.7445581 -54.49199922 0 P 0
L 104.7445581 -55.50799922 104.7445581 -55.25399922 0 P 0
L 104.7445581 -55.50799922 105.2525581 -55.50799922 0 P 0
L 104.7445581 -59.49199938 105.2525581 -59.49199938 0 P 0
L 104.7445581 -59.74599938 104.7445581 -59.49199938 0 P 0
L 104.7445581 -60.50799938 104.7445581 -60.25399938 0 P 0
L 104.7445581 -60.50799938 105.2525581 -60.50799938 0 P 0
L 104.7445581 -68.49199916 105.2525581 -68.49199916 0 P 0
L 104.7445581 -68.74599916 104.7445581 -68.49199916 0 P 0
L 104.7445581 -69.50799916 104.7445581 -69.25399916 0 P 0
L 104.7445581 -69.50799916 105.2525581 -69.50799916 0 P 0
L 104.7445581 -73.49199932 105.2525581 -73.49199932 0 P 0
L 104.7445581 -73.74599932 104.7445581 -73.49199932 0 P 0
L 104.7445581 -74.50799932 104.7445581 -74.25399932 0 P 0
L 104.7445581 -74.50799932 105.2525581 -74.50799932 0 P 0
L 104.7445581 -78.49199948 105.2525581 -78.49199948 0 P 0
L 104.7445581 -78.74599948 104.7445581 -78.49199948 0 P 0
L 104.7445581 -79.50799948 104.7445581 -79.25399948 0 P 0
L 104.7445581 -79.50799948 105.2525581 -79.50799948 0 P 0
L 104.8461581 -10.69520086 105.1509581 -10.69520086 0 P 0
L 104.8461581 -10.84760086 104.8461581 -10.69520086 0 P 0
L 104.8461581 -11.30480086 104.8461581 -11.15240086 0 P 0
L 104.8461581 -11.30480086 105.1509581 -11.30480086 0 P 0
L 104.8461581 -15.69520102 105.1509581 -15.69520102 0 P 0
L 104.8461581 -15.84760102 104.8461581 -15.69520102 0 P 0
L 104.8461581 -16.30480102 104.8461581 -16.15240102 0 P 0
L 104.8461581 -16.30480102 105.1509581 -16.30480102 0 P 0
L 104.8461581 -20.69520118 105.1509581 -20.69520118 0 P 0
L 104.8461581 -20.84760118 104.8461581 -20.69520118 0 P 0
L 104.8461581 -21.30480118 104.8461581 -21.15240118 0 P 0
L 104.8461581 -21.30480118 105.1509581 -21.30480118 0 P 0
L 104.8461581 -29.69519842 105.1509581 -29.69519842 0 P 0
L 104.8461581 -29.84759842 104.8461581 -29.69519842 0 P 0
L 104.8461581 -30.30479842 104.8461581 -30.15239842 0 P 0
L 104.8461581 -30.30479842 105.1509581 -30.30479842 0 P 0
L 104.8461581 -34.69519858 105.1509581 -34.69519858 0 P 0
L 104.8461581 -34.84759858 104.8461581 -34.69519858 0 P 0
L 104.8461581 -35.30479858 104.8461581 -35.15239858 0 P 0
L 104.8461581 -35.30479858 105.1509581 -35.30479858 0 P 0
L 104.8461581 -39.69519874 105.1509581 -39.69519874 0 P 0
L 104.8461581 -39.84759874 104.8461581 -39.69519874 0 P 0
L 104.8461581 -40.30479874 104.8461581 -40.15239874 0 P 0
L 104.8461581 -40.30479874 105.1509581 -40.30479874 0 P 0
L 104.8461581 -49.69519906 105.1509581 -49.69519906 0 P 0
L 104.8461581 -49.84759906 104.8461581 -49.69519906 0 P 0
L 104.8461581 -50.30479906 104.8461581 -50.15239906 0 P 0
L 104.8461581 -50.30479906 105.1509581 -50.30479906 0 P 0
L 104.8461581 -54.69519922 105.1509581 -54.69519922 0 P 0
L 104.8461581 -54.84759922 104.8461581 -54.69519922 0 P 0
L 104.8461581 -55.30479922 104.8461581 -55.15239922 0 P 0
L 104.8461581 -55.30479922 105.1509581 -55.30479922 0 P 0
L 104.8461581 -59.69519938 105.1509581 -59.69519938 0 P 0
L 104.8461581 -59.84759938 104.8461581 -59.69519938 0 P 0
L 104.8461581 -60.30479938 104.8461581 -60.15239938 0 P 0
L 104.8461581 -60.30479938 105.1509581 -60.30479938 0 P 0
L 104.8461581 -68.69519916 105.1509581 -68.69519916 0 P 0
L 104.8461581 -68.84759916 104.8461581 -68.69519916 0 P 0
L 104.8461581 -69.30479916 104.8461581 -69.15239916 0 P 0
L 104.8461581 -69.30479916 105.1509581 -69.30479916 0 P 0
L 104.8461581 -73.69519932 105.1509581 -73.69519932 0 P 0
L 104.8461581 -73.84759932 104.8461581 -73.69519932 0 P 0
L 104.8461581 -74.30479932 104.8461581 -74.15239932 0 P 0
L 104.8461581 -74.30479932 105.1509581 -74.30479932 0 P 0
L 104.8461581 -78.69519948 105.1509581 -78.69519948 0 P 0
L 104.8461581 -78.84759948 104.8461581 -78.69519948 0 P 0
L 104.8461581 -79.30479948 104.8461581 -79.15239948 0 P 0
L 104.8461581 -79.30479948 105.1509581 -79.30479948 0 P 0
L 104.9985581 -4.49200016 105.5065581 -5.00000016 0 P 0
L 104.9985581 -5.50800016 105.5065581 -5.00000016 0 P 0
L 104.9985581 -84.49200018 105.5065581 -85.00000018 0 P 0
L 104.9985581 -85.50800018 105.5065581 -85.00000018 0 P 0
L 105.1509581 -10.84760086 105.1509581 -10.69520086 0 P 0
L 105.1509581 -10.84760086 105.3033581 -10.84760086 0 P 0
L 105.1509581 -11.15240086 105.3033581 -11.15240086 0 P 0
L 105.1509581 -11.30480086 105.1509581 -11.15240086 0 P 0
L 105.1509581 -15.84760102 105.1509581 -15.69520102 0 P 0
L 105.1509581 -15.84760102 105.3033581 -15.84760102 0 P 0
L 105.1509581 -16.15240102 105.3033581 -16.15240102 0 P 0
L 105.1509581 -16.30480102 105.1509581 -16.15240102 0 P 0
L 105.1509581 -20.84760118 105.1509581 -20.69520118 0 P 0
L 105.1509581 -20.84760118 105.3033581 -20.84760118 0 P 0
L 105.1509581 -21.15240118 105.3033581 -21.15240118 0 P 0
L 105.1509581 -21.30480118 105.1509581 -21.15240118 0 P 0
L 105.1509581 -29.84759842 105.1509581 -29.69519842 0 P 0
L 105.1509581 -29.84759842 105.3033581 -29.84759842 0 P 0
L 105.1509581 -30.15239842 105.3033581 -30.15239842 0 P 0
L 105.1509581 -30.30479842 105.1509581 -30.15239842 0 P 0
L 105.1509581 -34.84759858 105.1509581 -34.69519858 0 P 0
L 105.1509581 -34.84759858 105.3033581 -34.84759858 0 P 0
L 105.1509581 -35.15239858 105.3033581 -35.15239858 0 P 0
L 105.1509581 -35.30479858 105.1509581 -35.15239858 0 P 0
L 105.1509581 -39.84759874 105.1509581 -39.69519874 0 P 0
L 105.1509581 -39.84759874 105.3033581 -39.84759874 0 P 0
L 105.1509581 -40.15239874 105.3033581 -40.15239874 0 P 0
L 105.1509581 -40.30479874 105.1509581 -40.15239874 0 P 0
L 105.1509581 -49.84759906 105.1509581 -49.69519906 0 P 0
L 105.1509581 -49.84759906 105.3033581 -49.84759906 0 P 0
L 105.1509581 -50.15239906 105.3033581 -50.15239906 0 P 0
L 105.1509581 -50.30479906 105.1509581 -50.15239906 0 P 0
L 105.1509581 -54.84759922 105.1509581 -54.69519922 0 P 0
L 105.1509581 -54.84759922 105.3033581 -54.84759922 0 P 0
L 105.1509581 -55.15239922 105.3033581 -55.15239922 0 P 0
L 105.1509581 -55.30479922 105.1509581 -55.15239922 0 P 0
L 105.1509581 -59.84759938 105.1509581 -59.69519938 0 P 0
L 105.1509581 -59.84759938 105.3033581 -59.84759938 0 P 0
L 105.1509581 -60.15239938 105.3033581 -60.15239938 0 P 0
L 105.1509581 -60.30479938 105.1509581 -60.15239938 0 P 0
L 105.1509581 -68.84759916 105.1509581 -68.69519916 0 P 0
L 105.1509581 -68.84759916 105.3033581 -68.84759916 0 P 0
L 105.1509581 -69.15239916 105.3033581 -69.15239916 0 P 0
L 105.1509581 -69.30479916 105.1509581 -69.15239916 0 P 0
L 105.1509581 -73.84759932 105.1509581 -73.69519932 0 P 0
L 105.1509581 -73.84759932 105.3033581 -73.84759932 0 P 0
L 105.1509581 -74.15239932 105.3033581 -74.15239932 0 P 0
L 105.1509581 -74.30479932 105.1509581 -74.15239932 0 P 0
L 105.1509581 -78.84759948 105.1509581 -78.69519948 0 P 0
L 105.1509581 -78.84759948 105.3033581 -78.84759948 0 P 0
L 105.1509581 -79.15239948 105.3033581 -79.15239948 0 P 0
L 105.1509581 -79.30479948 105.1509581 -79.15239948 0 P 0
L 105.2525581 -10.74600086 105.2525581 -10.49200086 0 P 0
L 105.2525581 -10.74600086 105.5065581 -10.74600086 0 P 0
L 105.2525581 -11.25400086 105.5065581 -11.25400086 0 P 0
L 105.2525581 -11.50800086 105.2525581 -11.25400086 0 P 0
L 105.2525581 -15.74600102 105.2525581 -15.49200102 0 P 0
L 105.2525581 -15.74600102 105.5065581 -15.74600102 0 P 0
L 105.2525581 -16.25400102 105.5065581 -16.25400102 0 P 0
L 105.2525581 -16.50800102 105.2525581 -16.25400102 0 P 0
L 105.2525581 -20.74600118 105.2525581 -20.49200118 0 P 0
L 105.2525581 -20.74600118 105.5065581 -20.74600118 0 P 0
L 105.2525581 -21.25400118 105.5065581 -21.25400118 0 P 0
L 105.2525581 -21.50800118 105.2525581 -21.25400118 0 P 0
L 105.2525581 -29.74599842 105.2525581 -29.49199842 0 P 0
L 105.2525581 -29.74599842 105.5065581 -29.74599842 0 P 0
L 105.2525581 -30.25399842 105.5065581 -30.25399842 0 P 0
L 105.2525581 -30.50799842 105.2525581 -30.25399842 0 P 0
L 105.2525581 -34.74599858 105.2525581 -34.49199858 0 P 0
L 105.2525581 -34.74599858 105.5065581 -34.74599858 0 P 0
L 105.2525581 -35.25399858 105.5065581 -35.25399858 0 P 0
L 105.2525581 -35.50799858 105.2525581 -35.25399858 0 P 0
L 105.2525581 -39.74599874 105.2525581 -39.49199874 0 P 0
L 105.2525581 -39.74599874 105.5065581 -39.74599874 0 P 0
L 105.2525581 -40.25399874 105.5065581 -40.25399874 0 P 0
L 105.2525581 -40.50799874 105.2525581 -40.25399874 0 P 0
L 105.2525581 -49.74599906 105.2525581 -49.49199906 0 P 0
L 105.2525581 -49.74599906 105.5065581 -49.74599906 0 P 0
L 105.2525581 -50.25399906 105.5065581 -50.25399906 0 P 0
L 105.2525581 -50.50799906 105.2525581 -50.25399906 0 P 0
L 105.2525581 -54.74599922 105.2525581 -54.49199922 0 P 0
L 105.2525581 -54.74599922 105.5065581 -54.74599922 0 P 0
L 105.2525581 -55.25399922 105.5065581 -55.25399922 0 P 0
L 105.2525581 -55.50799922 105.2525581 -55.25399922 0 P 0
L 105.2525581 -59.74599938 105.2525581 -59.49199938 0 P 0
L 105.2525581 -59.74599938 105.5065581 -59.74599938 0 P 0
L 105.2525581 -60.25399938 105.5065581 -60.25399938 0 P 0
L 105.2525581 -60.50799938 105.2525581 -60.25399938 0 P 0
L 105.2525581 -68.74599916 105.2525581 -68.49199916 0 P 0
L 105.2525581 -68.74599916 105.5065581 -68.74599916 0 P 0
L 105.2525581 -69.25399916 105.5065581 -69.25399916 0 P 0
L 105.2525581 -69.50799916 105.2525581 -69.25399916 0 P 0
L 105.2525581 -73.74599932 105.2525581 -73.49199932 0 P 0
L 105.2525581 -73.74599932 105.5065581 -73.74599932 0 P 0
L 105.2525581 -74.25399932 105.5065581 -74.25399932 0 P 0
L 105.2525581 -74.50799932 105.2525581 -74.25399932 0 P 0
L 105.2525581 -78.74599948 105.2525581 -78.49199948 0 P 0
L 105.2525581 -78.74599948 105.5065581 -78.74599948 0 P 0
L 105.2525581 -79.25399948 105.5065581 -79.25399948 0 P 0
L 105.2525581 -79.50799948 105.2525581 -79.25399948 0 P 0
L 105.3033581 -11.15240086 105.3033581 -10.84760086 0 P 0
L 105.3033581 -16.15240102 105.3033581 -15.84760102 0 P 0
L 105.3033581 -21.15240118 105.3033581 -20.84760118 0 P 0
L 105.3033581 -30.15239842 105.3033581 -29.84759842 0 P 0
L 105.3033581 -35.15239858 105.3033581 -34.84759858 0 P 0
L 105.3033581 -40.15239874 105.3033581 -39.84759874 0 P 0
L 105.3033581 -50.15239906 105.3033581 -49.84759906 0 P 0
L 105.3033581 -55.15239922 105.3033581 -54.84759922 0 P 0
L 105.3033581 -60.15239938 105.3033581 -59.84759938 0 P 0
L 105.3033581 -69.15239916 105.3033581 -68.84759916 0 P 0
L 105.3033581 -74.15239932 105.3033581 -73.84759932 0 P 0
L 105.3033581 -79.15239948 105.3033581 -78.84759948 0 P 0
L 105.5065581 -11.25400086 105.5065581 -10.74600086 0 P 0
L 105.5065581 -16.25400102 105.5065581 -15.74600102 0 P 0
L 105.5065581 -21.25400118 105.5065581 -20.74600118 0 P 0
L 105.5065581 -30.25399842 105.5065581 -29.74599842 0 P 0
L 105.5065581 -35.25399858 105.5065581 -34.74599858 0 P 0
L 105.5065581 -40.25399874 105.5065581 -39.74599874 0 P 0
L 105.5065581 -50.25399906 105.5065581 -49.74599906 0 P 0
L 105.5065581 -55.25399922 105.5065581 -54.74599922 0 P 0
L 105.5065581 -60.25399938 105.5065581 -59.74599938 0 P 0
L 105.5065581 -69.25399916 105.5065581 -68.74599916 0 P 0
L 105.5065581 -74.25399932 105.5065581 -73.74599932 0 P 0
L 105.5065581 -79.25399948 105.5065581 -78.74599948 0 P 0
